1 -90.936 -171.776
2 -89.375 -171.180
3 -87.946 -170.544
4 -86.655 -169.876
5 -85.517 -169.186
6 -84.565 -168.494
7 -83.846 -167.834
8 -83.411 -167.252
9 -83.297 -166.800
10 -83.515 -166.517
11 -84.054 -166.415
12 -84.885 -166.483
13 -85.973 -166.696
14 -87.275 -167.033
15 -88.741 -167.490
16 -90.308 -168.080
17 -91.903 -168.825
18 -93.463 -169.743
19 -94.946 -170.826
20 -96.335 -172.034
21 -97.634 -173.309
22 -98.851 -174.590
23 -99.984 -175.827
24 -101.012 -176.989
25 -101.890 -178.054
26 -102.566 -179.011
27 -102.990 -179.855
28 -103.143 179.420
29 -103.034 178.814
30 -102.696 178.323
31 -102.165 177.943
32 -101.469 177.666
33 -100.623 177.500
34 -99.639 177.467
35 -98.543 177.610
36 -97.388 177.984
37 -96.247 178.640
38 -95.195 179.603
39 -94.295 -179.151
40 -93.587 -177.701
41 -93.092 -176.146
42 -92.814 -174.579
43 -92.748 -173.060
44 -92.884 -171.619
45 -93.204 -170.264
46 -93.685 -168.994
47 -94.298 -167.806
48 -95.022 -166.704
49 -95.844 -165.707
50 -96.765 -164.841
51 -97.787 -164.133
52 -98.904 -163.606
53 -100.090 -163.275
54 -101.286 -163.146
55 -102.403 -163.217
56 -103.335 -163.471
57 -103.982 -163.887
58 -104.289 -164.437
59 -104.261 -165.091
60 -103.957 -165.815
61 -103.452 -166.569
62 -102.814 -167.317
63 -102.085 -168.027
64 -101.283 -168.674
65 -100.408 -169.241
66 -99.464 -169.712
67 -98.474 -170.069
68 -97.488 -170.296
69 -96.569 -170.389
70 -95.782 -170.351
71 -95.178 -170.197
72 -94.786 -169.947
73 -94.617 -169.621
74 -94.671 -169.242
75 -94.935 -168.832
76 -95.380 -168.410
77 -95.969 -167.997
78 -96.648 -167.611
79 -97.366 -167.264
80 -98.085 -166.964
81 -98.781 -166.707
82 -99.444 -166.484
83 -100.062 -166.285
84 -100.621 -166.107
85 -101.095 -165.959
86 -101.456 -165.863
87 -101.683 -165.843
88 -101.773 -165.923
89 -101.748 -166.111
90 -101.650 -166.406
91 -101.522 -166.789
92 -101.404 -167.244
93 -101.324 -167.752
94 -101.298 -168.302
95 -101.337 -168.892
96 -101.446 -169.524
97 -101.631 -170.204
98 -101.900 -170.934
99 -102.266 -171.716
100 -102.749 -172.543
101 -103.370 -173.397
102 -104.150 -174.248
103 -105.098 -175.053
104 -106.209 -175.761
105 -107.452 -176.325
106 -108.773 -176.711
107 -110.095 -176.908
108 -111.340 -176.934
109 -112.443 -176.826
110 -113.373 -176.631
111 -114.132 -176.392
112 -114.733 -176.137
113 -115.173 -175.880
114 -115.424 -175.622
115 -115.434 -175.362
116 -115.143 -175.107
117 -114.519 -174.876
118 -113.585 -174.701
119 -112.426 -174.626
120 -111.158 -174.693
121 -109.896 -174.937
122 -108.721 -175.380
123 -107.668 -176.028
124 -106.735 -176.863
125 -105.893 -177.841
126 -105.113 -178.898
127 -104.395 -179.952
128 -103.769 179.076
129 -103.286 178.247
130 -102.998 177.594
131 -102.944 177.122
132 -103.147 176.813
133 -103.615 176.640
134 -104.347 176.581
135 -105.323 176.622
136 -106.495 176.763
137 -107.779 177.020
138 -109.068 177.408
139 -110.263 177.942
140 -111.308 178.624
141 -112.206 179.448
142 -112.986 -179.605
143 -113.675 -178.559
144 -114.266 -177.444
145 -114.707 -176.296
146 -114.916 -175.156
147 -114.813 -174.064
148 -114.367 -173.051
149 -113.620 -172.125
150 -112.663 -171.279
151 -111.601 -170.494
152 -110.508 -169.760
153 -109.409 -169.082
154 -108.289 -168.485
155 -107.110 -168.009
156 -105.851 -167.698
157 -104.535 -167.584
158 -103.238 -167.681
159 -102.057 -167.980
160 -101.076 -168.459
161 -100.345 -169.093
162 -99.887 -169.862
163 -99.710 -170.756
164 -99.818 -171.776
165 -100.209 -172.926
166 -100.867 -174.200
167 -101.751 -175.575
168 -102.791 -177.006
169 -103.911 -178.441
170 -105.053 -179.818
171 -106.205 178.921
172 -107.385 177.829
173 -108.619 176.956
174 -109.908 176.345
175 -111.208 176.026
176 -112.428 176.008
177 -113.446 176.275
178 -114.157 176.778
179 -114.513 177.452
180 -114.542 178.232
181 -114.317 179.074
182 -113.917 179.954
183 -113.388 -179.126
184 -112.734 -178.159
185 -111.921 -177.140
186 -110.912 -176.087
187 -109.702 -175.042
188 -108.353 -174.060
189 -106.974 -173.197
190 -105.694 -172.494
191 -104.611 -171.972
192 -103.781 -171.628
193 -103.217 -171.444
194 -102.909 -171.391
195 -102.820 -171.435
196 -102.904 -171.545
197 -103.113 -171.700
198 -103.404 -171.884
199 -103.744 -172.093
200 -104.119 -172.335
201 -104.529 -172.630
202 -104.982 -173.003
203 -105.475 -173.477
204 -105.990 -174.058
205 -106.482 -174.729
206 -106.889 -175.448
207 -107.140 -176.157
208 -107.183 -176.801
209 -107.005 -177.344
210 -106.637 -177.783
211 -106.132 -178.136
212 -105.549 -178.437
213 -104.924 -178.714
214 -104.272 -178.983
215 -103.582 -179.238
216 -102.836 -179.448
217 -102.028 -179.573
218 -101.178 -179.566
219 -100.334 -179.392
220 -99.555 -179.031
221 -98.892 -178.484
222 -98.377 -177.763
223 -98.023 -176.900
224 -97.826 -175.937
225 -97.763 -174.919
226 -97.800 -173.898
227 -97.899 -172.916
228 -98.023 -172.000
229 -98.150 -171.158
230 -98.273 -170.382
231 -98.406 -169.661
232 -98.564 -168.993
233 -98.759 -168.394
234 -98.987 -167.891
235 -99.229 -167.519
236 -99.447 -167.303
237 -99.598 -167.254
238 -99.643 -167.359
239 -99.572 -167.593
240 -99.402 -167.921
241 -99.176 -168.311
242 -98.939 -168.741
243 -98.732 -169.206
244 -98.578 -169.711
245 -98.483 -170.265
246 -98.440 -170.869
247 -98.435 -171.507
248 -98.462 -172.148
249 -98.525 -172.758
250 -98.644 -173.305
251 -98.849 -173.759
252 -99.168 -174.096
253 -99.619 -174.297
254 -100.202 -174.350
255 -100.891 -174.250
256 -101.635 -174.008
257 -102.362 -173.647
258 -103.003 -173.205
259 -103.504 -172.726
260 -103.845 -172.245
261 -104.034 -171.785
262 -104.088 -171.350
263 -104.022 -170.931
264 -103.831 -170.511
265 -103.500 -170.081
266 -103.008 -169.647
267 -102.350 -169.234
268 -101.556 -168.879
269 -100.690 -168.617
270 -99.828 -168.478
271 -99.032 -168.469
272 -98.340 -168.585
273 -97.760 -168.806
274 -97.284 -169.101
275 -96.898 -169.441
276 -96.596 -169.803
277 -96.389 -170.172
278 -96.300 -170.547
279 -96.354 -170.937
280 -96.558 -171.357
281 -96.900 -171.829
282 -97.362 -172.376
283 -97.935 -173.013
284 -98.619 -173.748
285 -99.419 -174.573
286 -100.332 -175.467
287 -101.320 -176.392
288 -102.319 -177.305
289 -103.262 -178.173
290 -104.106 -178.977
291 -104.859 -179.715
292 -105.566 179.606
293 -106.285 178.977
294 -107.058 178.401
295 -107.886 177.888
296 -108.720 177.459
297 -109.467 177.140
298 -110.028 176.951
299 -110.329 176.903
300 -110.360 176.993
301 -110.162 177.202
302 -109.806 177.504
303 -109.355 177.865
304 -108.858 178.251
305 -108.333 178.634
306 -107.782 178.994
307 -107.200 179.320
308 -106.593 179.611
309 -105.990 179.873
310 -105.446 -179.881
311 -105.040 -179.637
312 -104.851 -179.387
313 -104.939 -179.126
314 -105.324 -178.859
315 -105.980 -178.595
316 -106.838 -178.345
317 -107.810 -178.116
318 -108.820 -177.910
319 -109.824 -177.722
320 -110.823 -177.539
321 -111.847 -177.347
322 -112.922 -177.136
323 -114.053 -176.901
324 -115.195 -176.651
325 -116.257 -176.399
326 -117.108 -176.169
327 -117.606 -175.980
328 -117.660 -175.849
329 -117.262 -175.778
330 -116.481 -175.763
331 -115.421 -175.787
332 -114.174 -175.831
333 -112.790 -175.878
334 -111.277 -175.915
335 -109.620 -175.938
336 -107.809 -175.946
337 -105.877 -175.943
338 -103.919 -175.929
339 -102.069 -175.911
340 -100.450 -175.894
341 -99.149 -175.882
342 -98.207 -175.883
343 -97.640 -175.896
344 -97.459 -175.919
345 -97.683 -175.945
346 -98.344 -175.966
347 -99.471 -175.973
348 -101.063 -175.963
349 -103.057 -175.942
350 -105.343 -175.916
351 -107.814 -175.889
352 -110.399 -175.859
353 -113.058 -175.816
354 -115.758 -175.743
355 -118.450 -175.623
356 -121.044 -175.443
357 -123.410 -175.199
358 -125.414 -174.895
359 -126.970 -174.541
360 -128.060 -174.150
361 -128.727 -173.735
362 -129.029 -173.310
363 -128.997 -172.884
364 -128.616 -172.468
365 -127.823 -172.077
366 -126.543 -171.729
367 -124.735 -171.445
368 -122.440 -171.248
369 -119.788 -171.161
370 -116.950 -171.204
371 -114.087 -171.395
372 -111.311 -171.747
373 -108.695 -172.263
374 -106.291 -172.929
375 -104.138 -173.719
376 -102.280 -174.589
377 -100.765 -175.487
378 -99.630 -176.361
379 -98.893 -177.171
380 -98.552 -177.889
381 -98.603 -178.503
382 -99.043 -179.005
383 -99.876 -179.392
384 -101.099 -179.658
385 -102.696 -179.795
386 -104.621 -179.799
387 -106.789 -179.671
388 -109.082 -179.421
389 -111.374 -179.068
390 -113.572 -178.634
391 -115.638 -178.141
392 -117.571 -177.613
393 -119.390 -177.073
394 -121.097 -176.542
395 -122.659 -176.049
396 -124.003 -175.627
397 -125.045 -175.304
398 -125.730 -175.100
399 -126.062 -175.020
400 -126.106 -175.059
401 -125.954 -175.206
402 -125.690 -175.453
403 -125.360 -175.796
404 -124.968 -176.234
405 -124.483 -176.770
406 -123.871 -177.400
407 -123.127 -178.118
408 -122.293 -178.910
409 -121.441 -179.759
410 -120.650 179.354
411 -119.981 178.447
412 -119.470 177.533
413 -119.131 176.625
414 -118.961 175.741
415 -118.944 174.898
416 -119.060 174.115
417 -119.280 173.412
418 -119.582 172.807
419 -119.947 172.313
420 -120.377 171.937
421 -120.890 171.681
422 -121.506 171.546
423 -122.237 171.531
424 -123.071 171.633
425 -123.968 171.844
426 -124.872 172.147
427 -125.724 172.521
428 -126.483 172.942
429 -127.134 173.394
430 -127.682 173.876
431 -128.140 174.395
432 -128.516 174.967
433 -128.803 175.603
434 -128.985 176.305
435 -129.034 177.065
436 -128.932 177.860
437 -128.673 178.659
438 -128.275 179.430
439 -127.773 -179.852
440 -127.214 -179.210
441 -126.645 -178.659
442 -126.107 -178.219
443 -125.629 -177.909
444 -125.224 -177.748
445 -124.889 -177.754
446 -124.612 -177.937
447 -124.378 -178.296
448 -124.182 -178.819
449 -124.031 -179.491
450 -123.948 179.707
451 -123.961 178.791
452 -124.091 177.789
453 -124.336 176.736
454 -124.672 175.685
455 -125.060 174.702
456 -125.457 173.858
457 -125.828 173.210
458 -126.158 172.790
459 -126.450 172.605
460 -126.724 172.640
461 -127.009 172.877
462 -127.336 173.300
463 -127.735 173.899
464 -128.222 174.668
465 -128.796 175.596
466 -129.439 176.664
467 -130.110 177.828
468 -130.767 179.040
469 -131.382 -179.752
470 -131.958 -178.591
471 -132.523 -177.507
472 -133.115 -176.516
473 -133.757 -175.624
474 -134.442 -174.831
475 -135.126 -174.145
476 -135.741 -173.578
477 -136.218 -173.139
478 -136.510 -172.832
479 -136.600 -172.643
480 -136.508 -172.557
481 -136.269 -172.559
482 -135.917 -172.642
483 -135.466 -172.812
484 -134.912 -173.078
485 -134.237 -173.452
486 -133.427 -173.939
487 -132.495 -174.533
488 -131.485 -175.216
489 -130.459 -175.971
490 -129.487 -176.786
491 -128.635 -177.655
492 -127.958 -178.581
493 -127.493 -179.567
494 -127.252 179.390
495 -127.223 178.306
496 -127.377 177.215
497 -127.678 176.163
498 -128.099 175.202
499 -128.626 174.374
500 -129.259 173.706
501 -130.007 173.211
502 -130.879 172.892
503 -131.874 172.746
504 -132.976 172.763
505 -134.153 172.925
506 -135.348 173.213
507 -136.492 173.598
508 -137.504 174.054
509 -138.315 174.561
510 -138.878 175.104
511 -139.184 175.674
512 -139.249 176.263
513 -139.099 176.861
514 -138.761 177.449
515 -138.251 178.007
516 -137.576 178.506
517 -136.744 178.924
518 -135.778 179.241
519 -134.716 179.452
520 -133.608 179.565
521 -132.494 179.595
522 -131.408 179.561
523 -130.369 179.481
524 -129.387 179.369
525 -128.474 179.234
526 -127.649 179.079
527 -126.940 178.909
528 -126.385 178.728
529 -126.011 178.540
530 -125.831 178.352
531 -125.842 178.170
532 -126.039 178.000
533 -126.420 177.851
534 -126.984 177.730
535 -127.724 177.644
536 -128.619 177.593
537 -129.632 177.574
538 -130.712 177.575
539 -131.805 177.583
540 -132.871 177.586
541 -133.894 177.580
542 -134.869 177.576
543 -135.795 177.596
544 -136.655 177.673
545 -137.413 177.838
546 -138.019 178.112
547 -138.424 178.503
548 -138.593 178.997
549 -138.523 179.571
550 -138.242 -179.800
551 -137.797 -179.141
552 -137.241 -178.465
553 -136.615 -177.783
554 -135.940 -177.106
555 -135.225 -176.447
556 -134.469 -175.825
557 -133.680 -175.260
558 -132.875 -174.769
559 -132.085 -174.369
560 -131.353 -174.072
561 -130.729 -173.896
562 -130.259 -173.860
563 -129.979 -173.977
564 -129.900 -174.257
565 -130.004 -174.695
566 -130.250 -175.268
567 -130.586 -175.945
568 -130.964 -176.689
569 -131.352 -177.477
570 -131.741 -178.306
571 -132.141 -179.185
572 -132.581 179.872
573 -133.089 178.858
574 -133.679 177.786
575 -134.337 176.690
576 -135.023 175.622
577 -135.680 174.630
578 -136.246 173.751
579 -136.675 173.012
580 -136.955 172.426
581 -137.104 172.006
582 -137.170 171.760
583 -137.206 171.697
584 -137.256 171.825
585 -137.340 172.143
586 -137.451 172.639
587 -137.567 173.294
588 -137.660 174.090
589 -137.713 175.020
590 -137.724 176.088
591 -137.706 177.299
592 -137.685 178.645
593 -137.698 -179.906
594 -137.781 -178.422
595 -137.966 -176.997
596 -138.273 -175.735
597 -138.701 -174.715
598 -139.228 -173.975
599 -139.813 -173.512
600 -140.403 -173.300
601 -140.947 -173.301
602 -141.409 -173.485
603 -141.770 -173.830
604 -142.022 -174.325
605 -142.162 -174.961
606 -142.180 -175.723
607 -142.062 -176.591
608 -141.787 -177.536
609 -141.341 -178.531
610 -140.716 -179.554
611 -139.912 179.417
612 -138.931 178.401
613 -137.778 177.424
614 -136.461 176.514
615 -134.996 175.711
616 -133.412 175.050
617 -131.762 174.549
618 -130.115 174.195
619 -128.548 173.952
620 -127.137 173.783
621 -125.938 173.664
622 -124.985 173.595
623 -124.295 173.590
624 -123.875 173.677
625 -123.728 173.882
626 -123.847 174.215
627 -124.215 174.668
628 -124.800 175.218
629 -125.556 175.841
630 -126.434 176.519
631 -127.387 177.252
632 -128.385 178.054
633 -129.407 178.946
634 -130.433 179.944
635 -131.430 -178.955
636 -132.343 -177.779
637 -133.105 -176.572
638 -133.640 -175.385
639 -133.885 -174.264
640 -133.814 -173.240
641 -133.445 -172.341
642 -132.837 -171.589
643 -132.067 -171.002
644 -131.208 -170.591
645 -130.315 -170.357
646 -129.418 -170.286
647 -128.534 -170.355
648 -127.677 -170.534
649 -126.871 -170.797
650 -126.153 -171.130
651 -125.571 -171.533
652 -125.177 -172.014
653 -125.026 -172.584
654 -125.158 -173.241
655 -125.590 -173.961
656 -126.301 -174.698
657 -127.230 -175.390
658 -128.280 -175.980
659 -129.337 -176.429
660 -130.291 -176.726
661 -131.063 -176.880
662 -131.625 -176.920
663 -132.000 -176.882
664 -132.238 -176.797
665 -132.391 -176.690
666 -132.476 -176.571
667 -132.469 -176.441
668 -132.314 -176.297
669 -131.943 -176.131
670 -131.311 -175.939
671 -130.424 -175.717
672 -129.343 -175.466
673 -128.162 -175.197
674 -126.980 -174.926
675 -125.882 -174.680
676 -124.915 -174.494
677 -124.081 -174.398
678 -123.358 -174.410
679 -122.713 -174.524
680 -122.131 -174.718
681 -121.617 -174.954
682 -121.196 -175.197
683 -120.906 -175.420
684 -120.789 -175.615
685 -120.883 -175.791
686 -121.215 -175.973
687 -121.792 -176.187
688 -122.600 -176.449
689 -123.594 -176.759
690 -124.707 -177.101
691 -125.860 -177.449
692 -126.994 -177.772
693 -128.084 -178.048
694 -129.146 -178.267
695 -130.216 -178.433
696 -131.324 -178.563
697 -132.470 -178.681
698 -133.614 -178.809
699 -134.682 -178.966
700 -135.591 -179.159
701 -136.286 -179.387
702 -136.758 -179.638
703 -137.042 -179.890
704 -137.195 179.883
705 -137.262 179.705
706 -137.267 179.593
707 -137.212 179.552
708 -137.090 179.571
709 -136.906 179.634
710 -136.686 179.715
711 -136.479 179.794
712 -136.348 179.860
713 -136.351 179.914
714 -136.536 179.969
715 -136.928 -179.958
716 -137.522 -179.850
717 -138.287 -179.701
718 -139.177 -179.515
719 -140.135 -179.311
720 -141.107 -179.116
721 -142.052 -178.956
722 -142.956 -178.850
723 -143.829 -178.802
724 -144.690 -178.801
725 -145.533 -178.822
726 -146.307 -178.834
727 -146.923 -178.807
728 -147.265 -178.718
729 -147.231 -178.554
730 -146.766 -178.311
731 -145.886 -177.998
732 -144.674 -177.629
733 -143.250 -177.222
734 -141.726 -176.793
735 -140.171 -176.356
736 -138.590 -175.920
737 -136.927 -175.485
738 -135.118 -175.048
739 -133.130 -174.604
740 -131.000 -174.153
741 -128.832 -173.705
742 -126.770 -173.280
743 -124.961 -172.910
744 -123.527 -172.630
745 -122.537 -172.465
746 -122.008 -172.423
747 -121.909 -172.490
748 -122.179 -172.628
749 -122.733 -172.795
750 -123.483 -172.949
751 -124.351 -173.063
752 -125.284 -173.124
753 -126.283 -173.134
754 -127.382 -173.107
755 -128.618 -173.063
756 -130.000 -173.019
757 -131.481 -172.986
758 -132.965 -172.969
759 -134.318 -172.967
760 -135.405 -172.968
761 -136.131 -172.959
762 -136.462 -172.928
763 -136.426 -172.867
764 -136.084 -172.773
765 -135.495 -172.650
766 -134.685 -172.507
767 -133.646 -172.355
768 -132.352 -172.206
769 -130.792 -172.063
770 -129.001 -171.917
771 -127.066 -171.746
772 -125.100 -171.524
773 -123.210 -171.225
774 -121.479 -170.837
775 -119.963 -170.364
776 -118.689 -169.830
777 -117.658 -169.269
778 -116.856 -168.722
779 -116.269 -168.225
780 -115.882 -167.797
781 -115.688 -167.446
782 -115.685 -167.164
783 -115.881 -166.938
784 -116.287 -166.750
785 -116.907 -166.592
786 -117.725 -166.461
787 -118.705 -166.363
788 -119.783 -166.309
789 -120.877 -166.314
790 -121.896 -166.389
791 -122.763 -166.538
792 -123.435 -166.752
793 -123.912 -167.013
794 -124.214 -167.293
795 -124.357 -167.565
796 -124.331 -167.810
797 -124.097 -168.025
798 -123.611 -168.217
799 -122.847 -168.405
800 -121.828 -168.618
801 -120.633 -168.886
802 -119.366 -169.230
803 -118.129 -169.663
804 -116.989 -170.180
805 -115.976 -170.762
806 -115.079 -171.384
807 -114.265 -172.016
808 -113.494 -172.628
809 -112.741 -173.198
810 -112.006 -173.713
811 -111.313 -174.172
812 -110.715 -174.582
813 -110.285 -174.950
814 -110.111 -175.286
815 -110.265 -175.595
816 -110.777 -175.877
817 -111.620 -176.125
818 -112.705 -176.330
819 -113.900 -176.480
820 -115.062 -176.570
821 -116.077 -176.607
822 -116.908 -176.611
823 -117.599 -176.614
824 -118.238 -176.657
825 -118.897 -176.778
826 -119.588 -177.003
827 -120.241 -177.335
828 -120.727 -177.750
829 -120.907 -178.206
830 -120.695 -178.654
831 -120.103 -179.050
832 -119.233 -179.366
833 -118.234 -179.592
834 -117.247 -179.740
835 -116.364 -179.833
836 -115.607 -179.897
837 -114.931 -179.949
838 -114.253 -179.992
839 -113.498 179.981
840 -112.643 179.982
841 -111.731 -179.983
842 -110.852 -179.914
843 -110.103 -179.823
844 -109.570 -179.734
845 -109.304 -179.673
846 -109.320 -179.660
847 -109.596 -179.708
848 -110.082 -179.819
849 -110.711 -179.988
850 -111.405 179.801
851 -112.091 179.570
852 -112.720 179.346
853 -113.288 179.163
854 -113.828 179.053
855 -114.383 179.046
856 -114.980 179.163
857 -115.613 179.408
858 -116.245 179.770
859 -116.811 -179.773
860 -117.248 -179.240
861 -117.518 -178.643
862 -117.628 -177.983
863 -117.626 -177.248
864 -117.577 -176.421
865 -117.527 -175.494
866 -117.484 -174.479
867 -117.414 -173.408
868 -117.258 -172.329
869 -116.970 -171.296
870 -116.536 -170.354
871 -115.993 -169.534
872 -115.409 -168.847
873 -114.848 -168.290
874 -114.355 -167.846
875 -113.940 -167.494
876 -113.588 -167.214
877 -113.266 -166.990
878 -112.936 -166.810
879 -112.564 -166.675
880 -112.135 -166.591
881 -111.654 -166.573
882 -111.148 -166.635
883 -110.659 -166.787
884 -110.239 -167.028
885 -109.921 -167.341
886 -109.709 -167.699
887 -109.570 -168.073
888 -109.445 -168.438
889 -109.273 -168.785
890 -109.021 -169.119
891 -108.702 -169.457
892 -108.371 -169.821
893 -108.110 -170.227
894 -108.005 -170.676
895 -108.118 -171.155
896 -108.475 -171.639
897 -109.061 -172.105
898 -109.816 -172.527
899 -110.637 -172.880
900 -111.409 -173.146
901 -112.044 -173.311
902 -112.525 -173.369
903 -112.918 -173.329
904 -113.331 -173.210
905 -113.851 -173.049
906 -114.508 -172.882
907 -115.249 -172.734
908 -115.956 -172.606
909 -116.480 -172.479
910 -116.699 -172.323
911 -116.573 -172.111
912 -116.157 -171.832
913 -115.574 -171.496
914 -114.953 -171.135
915 -114.383 -170.791
916 -113.885 -170.501
917 -113.410 -170.285
918 -112.874 -170.143
919 -112.201 -170.063
920 -111.373 -170.027
921 -110.448 -170.027
922 -109.531 -170.061
923 -108.737 -170.148
924 -108.154 -170.311
925 -107.831 -170.576
926 -107.762 -170.954
927 -107.892 -171.445
928 -108.136 -172.038
929 -108.406 -172.714
930 -108.638 -173.448
931 -108.811 -174.208
932 -108.945 -174.958
933 -109.093 -175.656
934 -109.319 -176.266
935 -109.665 -176.765
936 -110.136 -177.150
937 -110.687 -177.438
938 -111.235 -177.658
939 -111.681 -177.841
940 -111.941 -178.008
941 -111.989 -178.166
942 -111.868 -178.306
943 -111.662 -178.410
944 -111.454 -178.457
945 -111.284 -178.439
946 -111.131 -178.358
947 -110.922 -178.233
948 -110.555 -178.086
949 -109.959 -177.939
950 -109.144 -177.806
951 -108.208 -177.694
952 -107.291 -177.604
953 -106.509 -177.536
954 -105.935 -177.487
955 -105.597 -177.455
956 -105.499 -177.434
957 -105.624 -177.412
958 -105.948 -177.382
959 -106.429 -177.341
960 -107.013 -177.297
961 -107.641 -177.269
962 -108.291 -177.284
963 -109.003 -177.369
964 -109.865 -177.549
965 -110.964 -177.835
966 -112.348 -178.225
967 -114.001 -178.704
968 -115.829 -179.254
969 -117.671 -179.858
970 -119.330 179.490
971 -120.649 178.789
972 -121.585 178.036
973 -122.210 177.233
974 -122.633 176.393
975 -122.921 175.537
976 -123.047 174.689
977 -122.891 173.874
978 -122.289 173.113
979 -121.116 172.425
980 -119.383 171.823
981 -117.265 171.315
982 -115.021 170.902
983 -112.881 170.580
984 -110.986 170.340
985 -109.363 170.170
986 -107.941 170.060
987 -106.586 170.011
988 -105.155 170.032
989 -103.577 170.147
990 -101.919 170.384
991 -100.353 170.762
992 -99.066 171.282
993 -98.182 171.913
994 -97.757 172.598
995 -97.815 173.270
996 -98.365 173.877
997 -99.419 174.391
998 -100.967 174.811
999 -102.931 175.155
1000 -105.126 175.450
1001 -107.298 175.719
1002 -109.265 175.979
1003 -110.991 176.228
1004 -112.553 176.454
1005 -114.066 176.642
1006 -115.607 176.778
1007 -117.176 176.851
1008 -118.691 176.849
1009 -119.996 176.760
1010 -120.930 176.574
1011 -121.409 176.291
1012 -121.471 175.925
1013 -121.239 175.508
1014 -120.846 175.092
1015 -120.364 174.724
1016 -119.792 174.438
1017 -119.057 174.237
1018 -118.070 174.102
1019 -116.788 173.998
1020 -115.291 173.894
1021 -113.771 173.774
1022 -112.436 173.644
1023 -111.423 173.533
1024 -110.777 173.483
1025 -110.485 173.532
1026 -110.493 173.706
1027 -110.724 174.005
1028 -111.096 174.416
1029 -111.539 174.908
1030 -112.001 175.449
1031 -112.464 176.004
1032 -112.931 176.545
1033 -113.430 177.049
1034 -113.982 177.503
1035 -114.583 177.906
1036 -115.185 178.266
1037 -115.705 178.601
1038 -116.035 178.923
1039 -116.080 179.239
1040 -115.797 179.544
1041 -115.223 179.824
1042 -114.463 -179.942
1043 -113.640 -179.769
1044 -112.852 -179.664
1045 -112.146 -179.623
1046 -111.522 -179.625
1047 -110.949 -179.640
1048 -110.390 -179.632
1049 -109.829 -179.571
1050 -109.291 -179.437
1051 -108.832 -179.230
1052 -108.517 -178.965
1053 -108.411 -178.676
1054 -108.568 -178.401
1055 -109.026 -178.175
1056 -109.802 -178.016
1057 -110.886 -177.919
1058 -112.236 -177.862
1059 -113.767 -177.812
1060 -115.339 -177.740
1061 -116.787 -177.630
1062 -118.001 -177.487
1063 -118.978 -177.340
1064 -119.801 -177.233
1065 -120.568 -177.212
1066 -121.340 -177.313
1067 -122.101 -177.552
1068 -122.764 -177.927
1069 -123.201 -178.415
1070 -123.299 -178.985
1071 -123.029 -179.604
1072 -122.462 179.758
1073 -121.738 179.122
1074 -120.997 178.503
1075 -120.324 177.903
1076 -119.728 177.316
1077 -119.140 176.731
1078 -118.454 176.139
1079 -117.585 175.547
1080 -116.529 174.975
1081 -115.371 174.456
1082 -114.235 174.030
1083 -113.235 173.728
1084 -112.455 173.572
1085 -111.941 173.560
1086 -111.709 173.676
1087 -111.745 173.896
1088 -112.003 174.197
1089 -112.411 174.573
1090 -112.881 175.028
1091 -113.343 175.581
1092 -113.786 176.246
1093 -114.274 177.018
1094 -114.909 177.862
1095 -115.780 178.725
1096 -116.917 179.549
1097 -118.277 -179.712
1098 -119.756 -179.097
1099 -121.211 -178.635
1100 -122.499 -178.343
1101 -123.521 -178.228
1102 -124.250 -178.279
1103 -124.728 -178.475
1104 -125.024 -178.784
1105 -125.191 -179.167
1106 -125.248 -179.591
1107 -125.176 179.967
1108 -124.934 179.504
1109 -124.484 178.999
1110 -123.826 178.418
1111 -123.014 177.728
1112 -122.154 176.911
1113 -121.374 175.982
1114 -120.787 174.984
1115 -120.456 173.987
1116 -120.376 173.062
1117 -120.479 172.267
1118 -120.669 171.628
1119 -120.865 171.146
1120 -121.040 170.803
1121 -121.226 170.572
1122 -121.489 170.429
1123 -121.900 170.355
1124 -122.500 170.343
1125 -123.285 170.399
1126 -124.194 170.537
1127 -125.119 170.779
1128 -125.921 171.152
1129 -126.466 171.674
1130 -126.673 172.348
1131 -126.546 173.159
1132 -126.169 174.063
1133 -125.671 174.998
1134 -125.169 175.899
1135 -124.728 176.710
1136 -124.336 177.404
1137 -123.915 177.988
1138 -123.357 178.489
1139 -122.576 178.943
1140 -121.566 179.371
1141 -120.410 179.776
1142 -119.253 -179.869
1143 -118.247 -179.608
1144 -117.509 -179.492
1145 -117.109 -179.563
1146 -117.065 -179.845
1147 -117.353 179.663
1148 -117.922 178.980
1149 -118.706 178.138
1150 -119.635 177.175
1151 -120.646 176.126
1152 -121.705 175.027
1153 -122.825 173.908
1154 -124.054 172.800
1155 -125.442 171.727
1156 -127.013 170.708
1157 -128.744 169.758
1158 -130.559 168.895
1159 -132.331 168.142
1160 -133.902 167.529
1161 -135.135 167.091
1162 -135.965 166.853
1163 -136.421 166.827
1164 -136.591 167.001
1165 -136.566 167.345
1166 -136.399 167.811
1167 -136.093 168.353
1168 -135.599 168.933
1169 -134.860 169.535
1170 -133.855 170.161
1171 -132.636 170.830
1172 -131.315 171.563
1173 -130.016 172.370
1174 -128.833 173.240
1175 -127.803 174.140
1176 -126.899 175.026
1177 -126.050 175.851
1178 -125.179 176.575
1179 -124.254 177.164
1180 -123.310 177.599
1181 -122.430 177.871
1182 -121.700 177.992
1183 -121.175 177.985
1184 -120.880 177.887
1185 -120.816 177.738
1186 -120.970 177.570
1187 -121.314 177.394
1188 -121.803 177.197
1189 -122.374 176.944
1190 -122.957 176.596
1191 -123.505 176.119
1192 -124.020 175.505
1193 -124.561 174.780
1194 -125.204 174.003
1195 -126.000 173.251
1196 -126.942 172.599
1197 -127.967 172.098
1198 -128.972 171.770
1199 -129.852 171.612
1200 -130.543 171.604
1201 -131.033 171.718
1202 -131.364 171.931
1203 -131.599 172.230
1204 -131.790 172.614
1205 -131.946 173.091
1206 -132.035 173.672
1207 -131.994 174.367
1208 -131.755 175.179
1209 -131.274 176.101
1210 -130.553 177.111
1211 -129.647 178.171
1212 -128.655 179.236
1213 -127.696 -179.743
1214 -126.881 -178.808
1215 -126.270 -177.985
1216 -125.862 -177.278
1217 -125.586 -176.666
1218 -125.338 -176.116
1219 -125.024 -175.592
1220 -124.600 -175.066
1221 -124.091 -174.526
1222 -123.569 -173.983
1223 -123.115 -173.461
1224 -122.776 -172.992
1225 -122.546 -172.601
1226 -122.363 -172.305
1227 -122.120 -172.100
1228 -121.704 -171.971
1229 -121.043 -171.896
1230 -120.140 -171.856
1231 -119.068 -171.844
1232 -117.934 -171.867
1233 -116.841 -171.941
1234 -115.867 -172.086
1235 -115.061 -172.321
1236 -114.444 -172.659
1237 -114.013 -173.107
1238 -113.746 -173.659
1239 -113.619 -174.295
1240 -113.607 -174.984
1241 -113.698 -175.685
1242 -113.901 -176.360
1243 -114.248 -176.970
1244 -114.789 -177.487
1245 -115.569 -177.905
1246 -116.607 -178.229
1247 -117.887 -178.480
1248 -119.348 -178.680
1249 -120.891 -178.843
1250 -122.379 -178.971
1251 -123.688 -179.054
1252 -124.746 -179.078
1253 -125.552 -179.029
1254 -126.147 -178.909
1255 -126.586 -178.733
1256 -126.899 -178.531
1257 -127.076 -178.337
1258 -127.075 -178.184
1259 -126.844 -178.094
1260 -126.355 -178.081
1261 -125.641 -178.140
1262 -124.785 -178.257
1263 -123.892 -178.408
1264 -123.044 -178.568
1265 -122.273 -178.711
1266 -121.552 -178.818
1267 -120.810 -178.880
1268 -119.979 -178.899
1269 -119.037 -178.893
1270 -118.029 -178.891
1271 -117.061 -178.923
1272 -116.245 -179.015
1273 -115.670 -179.178
1274 -115.382 -179.410
1275 -115.386 -179.691
1276 -115.646 -179.995
1277 -116.101 179.694
1278 -116.666 179.376
1279 -117.255 179.029
1280 -117.799 178.616
1281 -118.269 178.099
1282 -118.687 177.449
1283 -119.113 176.664
1284 -119.605 175.771
1285 -120.186 174.822
1286 -120.819 173.879
1287 -121.412 173.004
1288 -121.854 172.241
1289 -122.047 171.618
1290 -121.954 171.143
1291 -121.609 170.812
1292 -121.107 170.615
1293 -120.569 170.542
1294 -120.100 170.584
1295 -119.770 170.731
1296 -119.602 170.975
1297 -119.582 171.308
1298 -119.674 171.720
1299 -119.841 172.203
1300 -120.061 172.742
1301 -120.341 173.317
1302 -120.718 173.893
1303 -121.250 174.426
1304 -122.000 174.872
1305 -123.012 175.192
1306 -124.296 175.370
1307 -125.824 175.415
1308 -127.537 175.364
1309 -129.352 175.274
1310 -131.167 175.206
1311 -132.881 175.214
1312 -134.409 175.333
1313 -135.707 175.567
1314 -136.768 175.890
1315 -137.601 176.255
1316 -138.206 176.609
1317 -138.563 176.906
1318 -138.634 177.115
1319 -138.382 177.231
1320 -137.797 177.261
1321 -136.916 177.224
1322 -135.808 177.135
1323 -134.559 177.004
1324 -133.245 176.827
1325 -131.911 176.596
1326 -130.565 176.294
1327 -129.187 175.907
1328 -127.758 175.427
1329 -126.282 174.860
1330 -124.814 174.227
1331 -123.437 173.564
1332 -122.232 172.918
1333 -121.258 172.334
1334 -120.539 171.853
1335 -120.074 171.496
1336 -119.845 171.268
1337 -119.825 171.154
1338 -119.982 171.128
1339 -120.285 171.164
1340 -120.699 171.237
1341 -121.200 171.338
1342 -121.792 171.469
1343 -122.507 171.639
1344 -123.394 171.862
1345 -124.497 172.146
1346 -125.827 172.491
1347 -127.362 172.886
1348 -129.039 173.310
1349 -130.768 173.738
1350 -132.473 174.142
1351 -134.108 174.507
1352 -135.668 174.829
1353 -137.174 175.120
1354 -138.638 175.403
1355 -140.042 175.709
1356 -141.331 176.068
1357 -142.423 176.497
1358 -143.234 176.993
1359 -143.701 177.533
1360 -143.809 178.077
1361 -143.596 178.576
1362 -143.142 178.987
1363 -142.539 179.284
1364 -141.864 179.465
1365 -141.156 179.554
1366 -140.415 179.589
1367 -139.609 179.611
1368 -138.699 179.646
1369 -137.663 179.698
1370 -136.530 179.748
1371 -135.376 179.758
1372 -134.306 179.685
1373 -133.417 179.491
1374 -132.769 179.157
1375 -132.360 178.687
1376 -132.133 178.107
1377 -131.989 177.457
1378 -131.828 176.780
1379 -131.583 176.115
1380 -131.238 175.482
1381 -130.823 174.885
1382 -130.388 174.314
1383 -129.984 173.753
1384 -129.645 173.190
1385 -129.384 172.622
1386 -129.195 172.063
1387 -129.058 171.543
1388 -128.959 171.099
1389 -128.888 170.770
1390 -128.854 170.587
1391 -128.876 170.565
1392 -128.991 170.699
1393 -129.252 170.964
1394 -129.726 171.323
1395 -130.470 171.731
1396 -131.518 172.152
1397 -132.859 172.560
1398 -134.437 172.953
1399 -136.151 173.345
1400 -137.884 173.759
1401 -139.529 174.224
1402 -141.022 174.753
1403 -142.345 175.344
1404 -143.514 175.974
1405 -144.546 176.607
1406 -145.434 177.198
1407 -146.139 177.714
1408 -146.597 178.135
1409 -146.740 178.464
1410 -146.518 178.721
1411 -145.919 178.934
1412 -144.969 179.133
1413 -143.720 179.337
1414 -142.227 179.549
1415 -140.546 179.757
1416 -138.718 179.929
1417 -136.776 -179.972
1418 -134.760 -179.983
1419 -132.725 179.866
1420 -130.746 179.564
1421 -128.905 179.119
1422 -127.282 178.560
1423 -125.936 177.932
1424 -124.902 177.285
1425 -124.180 176.669
1426 -123.748 176.116
1427 -123.563 175.635
1428 -123.588 175.217
1429 -123.800 174.842
1430 -124.198 174.487
1431 -124.791 174.136
1432 -125.587 173.789
1433 -126.588 173.459
1434 -127.783 173.169
1435 -129.148 172.946
1436 -130.637 172.810
1437 -132.183 172.768
1438 -133.699 172.811
1439 -135.092 172.916
1440 -136.274 173.051
1441 -137.196 173.187
1442 -137.859 173.306
1443 -138.303 173.404
1444 -138.576 173.494
1445 -138.709 173.601
1446 -138.690 173.752
1447 -138.476 173.968
1448 -138.017 174.256
1449 -137.290 174.609
1450 -136.330 175.005
1451 -135.231 175.415
1452 -134.124 175.807
1453 -133.134 176.155
1454 -132.345 176.441
1455 -131.790 176.662
1456 -131.451 176.827
1457 -131.280 176.957
1458 -131.224 177.073
1459 -131.252 177.198
1460 -131.360 177.341
1461 -131.560 177.500
1462 -131.879 177.660
1463 -132.345 177.797
1464 -132.980 177.890
1465 -133.785 177.928
1466 -134.731 177.912
1467 -135.755 177.864
1468 -136.768 177.813
1469 -137.669 177.791
1470 -138.375 177.820
1471 -138.846 177.905
1472 -139.088 178.028
1473 -139.141 178.158
1474 -139.062 178.255
1475 -138.890 178.285
1476 -138.630 178.224
1477 -138.259 178.065
1478 -137.731 177.808
1479 -137.016 177.461
1480 -136.111 177.033
1481 -135.056 176.534
1482 -133.911 175.971
1483 -132.747 175.357
1484 -131.620 174.710
1485 -130.572 174.059
1486 -129.623 173.436
1487 -128.781 172.875
1488 -128.047 172.409
1489 -127.429 172.066
1490 -126.937 171.875
1491 -126.587 171.865
1492 -126.386 172.061
1493 -126.340 172.480
1494 -126.455 173.127
1495 -126.740 173.986
1496 -127.198 175.023
1497 -127.822 176.189
1498 -128.585 177.428
1499 -129.439 178.689
1500 -130.320 179.928
1501 -131.169 -178.886
1502 -131.941 -177.773
1503 -132.619 -176.748
1504 -133.201 -175.824
1505 -133.690 -175.015
1506 -134.078 -174.335
1507 -134.349 -173.790
1508 -134.485 -173.384
1509 -134.480 -173.112
1510 -134.348 -172.968
1511 -134.122 -172.940
1512 -133.850 -173.010
1513 -133.575 -173.156
1514 -133.326 -173.352
1515 -133.111 -173.573
1516 -132.922 -173.801
1517 -132.744 -174.025
1518 -132.562 -174.250
1519 -132.367 -174.494
1520 -132.159 -174.783
1521 -131.947 -175.146
1522 -131.745 -175.607
1523 -131.568 -176.173
1524 -131.413 -176.838
1525 -131.257 -177.576
1526 -131.046 -178.350
1527 -130.709 -179.115
1528 -130.179 -179.830
1529 -129.419 179.539
1530 -128.441 179.012
1531 -127.297 178.599
1532 -126.071 178.301
1533 -124.836 178.114
1534 -123.636 178.032
1535 -122.479 178.050
1536 -121.338 178.170
1537 -120.180 178.398
1538 -118.979 178.746
1539 -117.750 179.221
1540 -116.548 179.826
1541 -115.458 -179.450
1542 -114.566 -178.633
1543 -113.948 -177.763
1544 -113.651 -176.881
1545 -113.699 -176.034
1546 -114.078 -175.258
1547 -114.745 -174.578
1548 -115.627 -174.008
1549 -116.639 -173.549
1550 -117.700 -173.210
1551 -118.751 -173.005
1552 -119.771 -172.959
1553 -120.774 -173.104
1554 -121.785 -173.465
1555 -122.816 -174.050
1556 -123.836 -174.848
1557 -124.771 -175.824
1558 -125.524 -176.932
1559 -125.999 -178.122
1560 -126.133 -179.343
1561 -125.912 179.451
1562 -125.372 178.299
1563 -124.573 177.237
1564 -123.577 176.295
1565 -122.425 175.498
1566 -121.133 174.864
1567 -119.702 174.404
1568 -118.138 174.122
1569 -116.472 174.019
1570 -114.768 174.094
1571 -113.107 174.345
1572 -111.568 174.766
1573 -110.213 175.343
1574 -109.083 176.048
1575 -108.195 176.840
1576 -107.543 177.668
1577 -107.107 178.480
1578 -106.859 179.230
1579 -106.771 179.888
1580 -106.823 -179.557
1581 -107.005 -179.097
1582 -107.317 -178.715
1583 -107.765 -178.386
1584 -108.354 -178.092
1585 -109.081 -177.822
1586 -109.928 -177.576
1587 -110.861 -177.360
1588 -111.835 -177.189
1589 -112.789 -177.077
1590 -113.671 -177.033
1591 -114.441 -177.058
1592 -115.082 -177.143
1593 -115.597 -177.268
1594 -115.992 -177.407
1595 -116.276 -177.533
1596 -116.442 -177.630
1597 -116.475 -177.693
1598 -116.359 -177.731
1599 -116.088 -177.766
1600 -115.679 -177.821
1601 -115.178 -177.921
1602 -114.648 -178.078
1603 -114.151 -178.295
1604 -113.728 -178.562
1605 -113.388 -178.861
1606 -113.109 -179.172
1607 -112.848 -179.476
1608 -112.565 -179.760
1609 -112.237 179.979
1610 -111.873 179.743
1611 -111.506 179.525
1612 -111.178 179.322
1613 -110.919 179.134
1614 -110.740 178.972
1615 -110.621 178.854
1616 -110.524 178.804
1617 -110.397 178.851
1618 -110.197 179.014
1619 -109.899 179.303
1620 -109.505 179.714
1621 -109.043 -179.776
1622 -108.556 -179.198
1623 -108.082 -178.587
1624 -107.647 -177.972
1625 -107.256 -177.374
1626 -106.891 -176.804
1627 -106.521 -176.264
1628 -106.115 -175.749
1629 -105.655 -175.254
1630 -105.146 -174.776
1631 -104.609 -174.317
1632 -104.074 -173.882
1633 -103.569 -173.478
1634 -103.107 -173.111
1635 -102.689 -172.780
1636 -102.307 -172.480
1637 -101.948 -172.198
1638 -101.608 -171.912
1639 -101.292 -171.598
1640 -101.016 -171.230
1641 -100.798 -170.794
1642 -100.658 -170.286
1643 -100.607 -169.722
1644 -100.652 -169.134
1645 -100.795 -168.566
1646 -101.035 -168.062
1647 -101.364 -167.664
1648 -101.766 -167.396
1649 -102.218 -167.273
1650 -102.687 -167.294
1651 -103.141 -167.453
1652 -103.556 -167.738
1653 -103.916 -168.141
1654 -104.219 -168.649
1655 -104.467 -169.255
1656 -104.661 -169.952
1657 -104.797 -170.726
1658 -104.864 -171.565
1659 -104.847 -172.448
1660 -104.733 -173.340
1661 -104.514 -174.199
1662 -104.193 -174.978
1663 -103.780 -175.629
1664 -103.295 -176.111
1665 -102.760 -176.397
1666 -102.193 -176.477
1667 -101.609 -176.355
1668 -101.021 -176.041
1669 -100.440 -175.552
1670 -99.878 -174.899
1671 -99.344 -174.097
1672 -98.847 -173.159
1673 -98.390 -172.113
1674 -97.974 -170.996
1675 -97.591 -169.857
1676 -97.227 -168.745
1677 -96.869 -167.711
1678 -96.502 -166.797
1679 -96.121 -166.036
1680 -95.728 -165.458
1681 -95.336 -165.083
1682 -94.957 -164.916
1683 -94.606 -164.952
1684 -94.289 -165.169
1685 -94.007 -165.537
1686 -93.754 -166.019
1687 -93.523 -166.584
1688 -93.306 -167.214
1689 -93.098 -167.905
1690 -92.903 -168.664
1691 -92.732 -169.504
1692 -92.600 -170.428
1693 -92.528 -171.422
1694 -92.527 -172.454
1695 -92.603 -173.471
1696 -92.747 -174.419
1697 -92.944 -175.254
1698 -93.178 -175.948
1699 -93.439 -176.492
1700 -93.723 -176.891
1701 -94.035 -177.158
1702 -94.381 -177.304
1703 -94.768 -177.342
1704 -95.194 -177.277
1705 -95.649 -177.113
1706 -96.114 -176.850
1707 -96.564 -176.486
1708 -96.972 -176.020
1709 -97.315 -175.447
1710 -97.582 -174.773
1711 -97.779 -174.008
1712 -97.923 -173.176
1713 -98.035 -172.313
1714 -98.129 -171.461
1715 -98.207 -170.664
1716 -98.256 -169.957
1717 -98.252 -169.355
1718 -98.167 -168.858
1719 -97.982 -168.452
1720 -97.686 -168.117
1721 -97.285 -167.838
1722 -96.795 -167.609
1723 -96.238 -167.432
1724 -95.640 -167.315
1725 -95.027 -167.266
1726 -94.424 -167.292
1727 -93.861 -167.393
1728 -93.370 -167.564
1729 -92.981 -167.794
1730 -92.717 -168.067
1731 -92.595 -168.368
1732 -92.626 -168.681
1733 -92.812 -168.995
1734 -93.155 -169.305
1735 -93.647 -169.611
1736 -94.274 -169.917
1737 -95.018 -170.230
1738 -95.852 -170.553
1739 -96.744 -170.881
1740 -97.659 -171.195
1741 -98.568 -171.471
1742 -99.439 -171.680
1743 -100.241 -171.798
1744 -100.938 -171.814
1745 -101.488 -171.733
1746 -101.844 -171.577
1747 -101.968 -171.381
1748 -101.833 -171.181
1749 -101.438 -171.008
1750 -100.806 -170.884
1751 -99.980 -170.820
1752 -99.015 -170.816
1753 -97.966 -170.867
1754 -96.879 -170.968
1755 -95.790 -171.115
1756 -94.726 -171.304
1757 -93.709 -171.536
1758 -92.764 -171.810
1759 -91.913 -172.121
1760 -91.191 -172.459
1761 -90.630 -172.804
1762 -90.260 -173.126
1763 -90.106 -173.389
1764 -90.187 -173.556
1765 -90.513 -173.594
1766 -91.082 -173.479
1767 -91.880 -173.203
1768 -92.877 -172.772
1769 -94.023 -172.209
1770 -95.255 -171.548
1771 -96.508 -170.829
1772 -97.723 -170.095
1773 -98.859 -169.377
1774 -99.891 -168.696
1775 -100.797 -168.057
1776 -101.550 -167.461
1777 -102.123 -166.905
1778 -102.490 -166.392
1779 -102.634 -165.935
1780 -102.558 -165.560
1781 -102.287 -165.296
1782 -101.857 -165.171
1783 -101.305 -165.197
1784 -100.657 -165.366
1785 -99.925 -165.647
1786 -99.112 -165.998
1787 -98.223 -166.377
1788 -97.276 -166.749
1789 -96.305 -167.094
1790 -95.367 -167.406
1791 -94.532 -167.688
1792 -93.869 -167.953
1793 -93.435 -168.214
1794 -93.273 -168.483
1795 -93.407 -168.771
1796 -93.842 -169.086
1797 -94.571 -169.427
1798 -95.567 -169.785
1799 -96.791 -170.145
1800 -98.191 -170.489
1801 -99.706 -170.802
1802 -101.282 -171.079
1803 -102.867 -171.323
1804 -104.412 -171.544
1805 -105.879 -171.755
1806 -107.227 -171.959
1807 -108.415 -172.147
1808 -109.393 -172.291
1809 -110.111 -172.352
1810 -110.526 -172.289
1811 -110.611 -172.072
1812 -110.359 -171.694
1813 -109.779 -171.171
1814 -108.895 -170.543
1815 -107.735 -169.859
1816 -106.331 -169.169
1817 -104.720 -168.522
1818 -102.947 -167.951
1819 -101.060 -167.477
1820 -99.131 -167.111
1821 -97.239 -166.852
1822 -95.466 -166.695
1823 -93.892 -166.631
1824 -92.588 -166.652
1825 -91.603 -166.753
1826 -90.965 -166.931
1827 -90.687 -167.195
1828 -90.768 -167.557
1829 -91.199 -168.029
1830 -91.961 -168.619
1831 -93.026 -169.319
1832 -94.356 -170.104
1833 -95.918 -170.933
1834 -97.679 -171.756
1835 -99.610 -172.526
1836 -101.680 -173.215
1837 -103.858 -173.824
1838 -106.114 -174.370
1839 -108.413 -174.882
1840 -110.718 -175.380
1841 -112.984 -175.872
1842 -115.159 -176.349
1843 -117.191 -176.792
1844 -119.032 -177.180
1845 -120.617 -177.497
1846 -121.884 -177.733
1847 -122.772 -177.888
1848 -123.241 -177.972
1849 -123.272 -177.997
1850 -122.879 -177.976
1851 -122.100 -177.920
1852 -120.991 -177.832
1853 -119.612 -177.712
1854 -118.016 -177.556
1855 -116.250 -177.359
1856 -114.358 -177.116
1857 -112.385 -176.827
1858 -110.382 -176.500
1859 -108.415 -176.150
1860 -106.550 -175.806
1861 -104.857 -175.505
1862 -103.390 -175.287
1863 -102.192 -175.188
1864 -101.283 -175.231
1865 -100.669 -175.416
1866 -100.340 -175.728
1867 -100.284 -176.135
1868 -100.490 -176.600
1869 -100.946 -177.092
1870 -101.644 -177.590
1871 -102.571 -178.086
1872 -103.708 -178.580
1873 -105.028 -179.079
1874 -106.504 -179.586
1875 -108.104 179.902
1876 -109.791 179.396
1877 -111.530 178.915
1878 -113.274 178.482
1879 -114.964 178.121
1880 -116.550 177.850
1881 -117.995 177.677
1882 -119.280 177.595
1883 -120.413 177.584
1884 -121.415 177.612
1885 -122.311 177.643
1886 -123.111 177.644
1887 -123.810 177.593
1888 -124.376 177.485
1889 -124.763 177.329
1890 -124.929 177.145
1891 -124.841 176.961
1892 -124.484 176.801
1893 -123.862 176.683
1894 -122.993 176.618
1895 -121.894 176.604
1896 -120.585 176.636
1897 -119.085 176.715
1898 -117.417 176.845
1899 -115.608 177.044
1900 -113.711 177.334
1901 -111.790 177.737
1902 -109.922 178.262
1903 -108.182 178.903
1904 -106.635 179.639
1905 -105.338 -179.565
1906 -104.336 -178.748
1907 -103.666 -177.951
1908 -103.358 -177.210
1909 -103.427 -176.553
1910 -103.876 -175.993
1911 -104.683 -175.536
1912 -105.816 -175.175
1913 -107.226 -174.899
1914 -108.861 -174.697
1915 -110.668 -174.557
1916 -112.600 -174.472
1917 -114.605 -174.441
1918 -116.625 -174.467
1919 -118.591 -174.558
1920 -120.428 -174.719
1921 -122.066 -174.946
1922 -123.442 -175.224
1923 -124.512 -175.524
1924 -125.246 -175.817
1925 -125.624 -176.076
1926 -125.629 -176.294
1927 -125.254 -176.483
1928 -124.506 -176.675
1929 -123.415 -176.915
1930 -122.035 -177.248
1931 -120.449 -177.708
1932 -118.745 -178.311
1933 -117.010 -179.046
1934 -115.309 -179.884
1935 -113.679 179.212
1936 -112.138 178.274
1937 -110.697 177.331
1938 -109.375 176.406
1939 -108.204 175.515
1940 -107.228 174.678
1941 -106.500 173.918
1942 -106.064 173.265
1943 -105.949 172.743
1944 -106.167 172.372
1945 -106.717 172.168
1946 -107.587 172.143
1947 -108.757 172.308
1948 -110.203 172.670
1949 -111.897 173.227
1950 -113.799 173.960
1951 -115.865 174.828
1952 -118.047 175.771
1953 -120.296 176.720
1954 -122.559 177.610
1955 -124.775 178.396
1956 -126.864 179.051
1957 -128.725 179.574
1958 -130.248 179.969
1959 -131.328 -179.756
1960 -131.902 -179.600
1961 -131.961 -179.576
1962 -131.547 -179.703
1963 -130.734 179.998
1964 -129.601 179.515
1965 -128.212 178.848
1966 -126.602 178.013
1967 -124.787 177.036
1968 -122.773 175.951
1969 -120.576 174.796
1970 -118.239 173.614
1971 -115.836 172.448
1972 -113.454 171.343
1973 -111.185 170.337
1974 -109.110 169.452
1975 -107.293 168.688
1976 -105.785 168.029
1977 -104.628 167.453
1978 -103.860 166.941
1979 -103.507 166.483
1980 -103.574 166.087
1981 -104.043 165.768
1982 -104.873 165.541
1983 -106.022 165.410
1984 -107.449 165.365
1985 -109.130 165.384
1986 -111.046 165.438
1987 -113.176 165.509
1988 -115.478 165.589
1989 -117.880 165.690
1990 -120.292 165.836
1991 -122.613 166.061
1992 -124.751 166.399
1993 -126.633 166.875
1994 -128.199 167.501
1995 -129.399 168.280
1996 -130.183 169.204
1997 -130.497 170.254
1998 -130.298 171.407
1999 -129.563 172.627
2000 -128.315 173.870
2001 -126.630 175.084
