     1	-90.936
     2	-89.375
     3	-87.946
     4	-86.655
     5	-85.517
     6	-84.565
     7	-83.846
     8	-83.411
     9	-83.297
    10	-83.515
    11	-84.054
    12	-84.885
    13	-85.973
    14	-87.275
    15	-88.741
    16	-90.308
    17	-91.903
    18	-93.463
    19	-94.946
    20	-96.335
    21	-97.634
    22	-98.851
    23	-99.984
    24	-101.012
    25	-101.890
    26	-102.566
    27	-102.990
    28	-103.143
    29	-103.034
    30	-102.696
    31	-102.165
    32	-101.469
    33	-100.623
    34	-99.639
    35	-98.543
    36	-97.388
    37	-96.247
    38	-95.195
    39	-94.295
    40	-93.587
    41	-93.092
    42	-92.814
    43	-92.748
    44	-92.884
    45	-93.204
    46	-93.685
    47	-94.298
    48	-95.022
    49	-95.844
    50	-96.765
    51	-97.787
    52	-98.904
    53	-100.090
    54	-101.286
    55	-102.403
    56	-103.335
    57	-103.982
    58	-104.289
    59	-104.261
    60	-103.957
    61	-103.452
    62	-102.814
    63	-102.085
    64	-101.283
    65	-100.408
    66	-99.464
    67	-98.474
    68	-97.488
    69	-96.569
    70	-95.782
    71	-95.178
    72	-94.786
    73	-94.617
    74	-94.671
    75	-94.935
    76	-95.380
    77	-95.969
    78	-96.648
    79	-97.366
    80	-98.085
    81	-98.781
    82	-99.444
    83	-100.062
    84	-100.621
    85	-101.095
    86	-101.456
    87	-101.683
    88	-101.773
    89	-101.748
    90	-101.650
    91	-101.522
    92	-101.404
    93	-101.324
    94	-101.298
    95	-101.337
    96	-101.446
    97	-101.631
    98	-101.900
    99	-102.266
   100	-102.749
   101	-103.370
   102	-104.150
   103	-105.098
   104	-106.209
   105	-107.452
   106	-108.773
   107	-110.095
   108	-111.340
   109	-112.443
   110	-113.373
   111	-114.132
   112	-114.733
   113	-115.173
   114	-115.424
   115	-115.434
   116	-115.143
   117	-114.519
   118	-113.585
   119	-112.426
   120	-111.158
   121	-109.896
   122	-108.721
   123	-107.668
   124	-106.735
   125	-105.893
   126	-105.113
   127	-104.395
   128	-103.769
   129	-103.286
   130	-102.998
   131	-102.944
   132	-103.147
   133	-103.615
   134	-104.347
   135	-105.323
   136	-106.495
   137	-107.779
   138	-109.068
   139	-110.263
   140	-111.308
   141	-112.206
   142	-112.986
   143	-113.675
   144	-114.266
   145	-114.707
   146	-114.916
   147	-114.813
   148	-114.367
   149	-113.620
   150	-112.663
   151	-111.601
   152	-110.508
   153	-109.409
   154	-108.289
   155	-107.110
   156	-105.851
   157	-104.535
   158	-103.238
   159	-102.057
   160	-101.076
   161	-100.345
   162	-99.887
   163	-99.710
   164	-99.818
   165	-100.209
   166	-100.867
   167	-101.751
   168	-102.791
   169	-103.911
   170	-105.053
   171	-106.205
   172	-107.385
   173	-108.619
   174	-109.908
   175	-111.208
   176	-112.428
   177	-113.446
   178	-114.157
   179	-114.513
   180	-114.542
   181	-114.317
   182	-113.917
   183	-113.388
   184	-112.734
   185	-111.921
   186	-110.912
   187	-109.702
   188	-108.353
   189	-106.974
   190	-105.694
   191	-104.611
   192	-103.781
   193	-103.217
   194	-102.909
   195	-102.820
   196	-102.904
   197	-103.113
   198	-103.404
   199	-103.744
   200	-104.119
   201	-104.529
   202	-104.982
   203	-105.475
   204	-105.990
   205	-106.482
   206	-106.889
   207	-107.140
   208	-107.183
   209	-107.005
   210	-106.637
   211	-106.132
   212	-105.549
   213	-104.924
   214	-104.272
   215	-103.582
   216	-102.836
   217	-102.028
   218	-101.178
   219	-100.334
   220	-99.555
   221	-98.892
   222	-98.377
   223	-98.023
   224	-97.826
   225	-97.763
   226	-97.800
   227	-97.899
   228	-98.023
   229	-98.150
   230	-98.273
   231	-98.406
   232	-98.564
   233	-98.759
   234	-98.987
   235	-99.229
   236	-99.447
   237	-99.598
   238	-99.643
   239	-99.572
   240	-99.402
   241	-99.176
   242	-98.939
   243	-98.732
   244	-98.578
   245	-98.483
   246	-98.440
   247	-98.435
   248	-98.462
   249	-98.525
   250	-98.644
   251	-98.849
   252	-99.168
   253	-99.619
   254	-100.202
   255	-100.891
   256	-101.635
   257	-102.362
   258	-103.003
   259	-103.504
   260	-103.845
   261	-104.034
   262	-104.088
   263	-104.022
   264	-103.831
   265	-103.500
   266	-103.008
   267	-102.350
   268	-101.556
   269	-100.690
   270	-99.828
   271	-99.032
   272	-98.340
   273	-97.760
   274	-97.284
   275	-96.898
   276	-96.596
   277	-96.389
   278	-96.300
   279	-96.354
   280	-96.558
   281	-96.900
   282	-97.362
   283	-97.935
   284	-98.619
   285	-99.419
   286	-100.332
   287	-101.320
   288	-102.319
   289	-103.262
   290	-104.106
   291	-104.859
   292	-105.566
   293	-106.285
   294	-107.058
   295	-107.886
   296	-108.720
   297	-109.467
   298	-110.028
   299	-110.329
   300	-110.360
   301	-110.162
   302	-109.806
   303	-109.355
   304	-108.858
   305	-108.333
   306	-107.782
   307	-107.200
   308	-106.593
   309	-105.990
   310	-105.446
   311	-105.040
   312	-104.851
   313	-104.939
   314	-105.324
   315	-105.980
   316	-106.838
   317	-107.810
   318	-108.820
   319	-109.824
   320	-110.823
   321	-111.847
   322	-112.922
   323	-114.053
   324	-115.195
   325	-116.257
   326	-117.108
   327	-117.606
   328	-117.660
   329	-117.262
   330	-116.481
   331	-115.421
   332	-114.174
   333	-112.790
   334	-111.277
   335	-109.620
   336	-107.809
   337	-105.877
   338	-103.919
   339	-102.069
   340	-100.450
   341	-99.149
   342	-98.207
   343	-97.640
   344	-97.459
   345	-97.683
   346	-98.344
   347	-99.471
   348	-101.063
   349	-103.057
   350	-105.343
   351	-107.814
   352	-110.399
   353	-113.058
   354	-115.758
   355	-118.450
   356	-121.044
   357	-123.410
   358	-125.414
   359	-126.970
   360	-128.060
   361	-128.727
   362	-129.029
   363	-128.997
   364	-128.616
   365	-127.823
   366	-126.543
   367	-124.735
   368	-122.440
   369	-119.788
   370	-116.950
   371	-114.087
   372	-111.311
   373	-108.695
   374	-106.291
   375	-104.138
   376	-102.280
   377	-100.765
   378	-99.630
   379	-98.893
   380	-98.552
   381	-98.603
   382	-99.043
   383	-99.876
   384	-101.099
   385	-102.696
   386	-104.621
   387	-106.789
   388	-109.082
   389	-111.374
   390	-113.572
   391	-115.638
   392	-117.571
   393	-119.390
   394	-121.097
   395	-122.659
   396	-124.003
   397	-125.045
   398	-125.730
   399	-126.062
   400	-126.106
   401	-125.954
   402	-125.690
   403	-125.360
   404	-124.968
   405	-124.483
   406	-123.871
   407	-123.127
   408	-122.293
   409	-121.441
   410	-120.650
   411	-119.981
   412	-119.470
   413	-119.131
   414	-118.961
   415	-118.944
   416	-119.060
   417	-119.280
   418	-119.582
   419	-119.947
   420	-120.377
   421	-120.890
   422	-121.506
   423	-122.237
   424	-123.071
   425	-123.968
   426	-124.872
   427	-125.724
   428	-126.483
   429	-127.134
   430	-127.682
   431	-128.140
   432	-128.516
   433	-128.803
   434	-128.985
   435	-129.034
   436	-128.932
   437	-128.673
   438	-128.275
   439	-127.773
   440	-127.214
   441	-126.645
   442	-126.107
   443	-125.629
   444	-125.224
   445	-124.889
   446	-124.612
   447	-124.378
   448	-124.182
   449	-124.031
   450	-123.948
   451	-123.961
   452	-124.091
   453	-124.336
   454	-124.672
   455	-125.060
   456	-125.457
   457	-125.828
   458	-126.158
   459	-126.450
   460	-126.724
   461	-127.009
   462	-127.336
   463	-127.735
   464	-128.222
   465	-128.796
   466	-129.439
   467	-130.110
   468	-130.767
   469	-131.382
   470	-131.958
   471	-132.523
   472	-133.115
   473	-133.757
   474	-134.442
   475	-135.126
   476	-135.741
   477	-136.218
   478	-136.510
   479	-136.600
   480	-136.508
   481	-136.269
   482	-135.917
   483	-135.466
   484	-134.912
   485	-134.237
   486	-133.427
   487	-132.495
   488	-131.485
   489	-130.459
   490	-129.487
   491	-128.635
   492	-127.958
   493	-127.493
   494	-127.252
   495	-127.223
   496	-127.377
   497	-127.678
   498	-128.099
   499	-128.626
   500	-129.259
   501	-130.007
   502	-130.879
   503	-131.874
   504	-132.976
   505	-134.153
   506	-135.348
   507	-136.492
   508	-137.504
   509	-138.315
   510	-138.878
   511	-139.184
   512	-139.249
   513	-139.099
   514	-138.761
   515	-138.251
   516	-137.576
   517	-136.744
   518	-135.778
   519	-134.716
   520	-133.608
   521	-132.494
   522	-131.408
   523	-130.369
   524	-129.387
   525	-128.474
   526	-127.649
   527	-126.940
   528	-126.385
   529	-126.011
   530	-125.831
   531	-125.842
   532	-126.039
   533	-126.420
   534	-126.984
   535	-127.724
   536	-128.619
   537	-129.632
   538	-130.712
   539	-131.805
   540	-132.871
   541	-133.894
   542	-134.869
   543	-135.795
   544	-136.655
   545	-137.413
   546	-138.019
   547	-138.424
   548	-138.593
   549	-138.523
   550	-138.242
   551	-137.797
   552	-137.241
   553	-136.615
   554	-135.940
   555	-135.225
   556	-134.469
   557	-133.680
   558	-132.875
   559	-132.085
   560	-131.353
   561	-130.729
   562	-130.259
   563	-129.979
   564	-129.900
   565	-130.004
   566	-130.250
   567	-130.586
   568	-130.964
   569	-131.352
   570	-131.741
   571	-132.141
   572	-132.581
   573	-133.089
   574	-133.679
   575	-134.337
   576	-135.023
   577	-135.680
   578	-136.246
   579	-136.675
   580	-136.955
   581	-137.104
   582	-137.170
   583	-137.206
   584	-137.256
   585	-137.340
   586	-137.451
   587	-137.567
   588	-137.660
   589	-137.713
   590	-137.724
   591	-137.706
   592	-137.685
   593	-137.698
   594	-137.781
   595	-137.966
   596	-138.273
   597	-138.701
   598	-139.228
   599	-139.813
   600	-140.403
   601	-140.947
   602	-141.409
   603	-141.770
   604	-142.022
   605	-142.162
   606	-142.180
   607	-142.062
   608	-141.787
   609	-141.341
   610	-140.716
   611	-139.912
   612	-138.931
   613	-137.778
   614	-136.461
   615	-134.996
   616	-133.412
   617	-131.762
   618	-130.115
   619	-128.548
   620	-127.137
   621	-125.938
   622	-124.985
   623	-124.295
   624	-123.875
   625	-123.728
   626	-123.847
   627	-124.215
   628	-124.800
   629	-125.556
   630	-126.434
   631	-127.387
   632	-128.385
   633	-129.407
   634	-130.433
   635	-131.430
   636	-132.343
   637	-133.105
   638	-133.640
   639	-133.885
   640	-133.814
   641	-133.445
   642	-132.837
   643	-132.067
   644	-131.208
   645	-130.315
   646	-129.418
   647	-128.534
   648	-127.677
   649	-126.871
   650	-126.153
   651	-125.571
   652	-125.177
   653	-125.026
   654	-125.158
   655	-125.590
   656	-126.301
   657	-127.230
   658	-128.280
   659	-129.337
   660	-130.291
   661	-131.063
   662	-131.625
   663	-132.000
   664	-132.238
   665	-132.391
   666	-132.476
   667	-132.469
   668	-132.314
   669	-131.943
   670	-131.311
   671	-130.424
   672	-129.343
   673	-128.162
   674	-126.980
   675	-125.882
   676	-124.915
   677	-124.081
   678	-123.358
   679	-122.713
   680	-122.131
   681	-121.617
   682	-121.196
   683	-120.906
   684	-120.789
   685	-120.883
   686	-121.215
   687	-121.792
   688	-122.600
   689	-123.594
   690	-124.707
   691	-125.860
   692	-126.994
   693	-128.084
   694	-129.146
   695	-130.216
   696	-131.324
   697	-132.470
   698	-133.614
   699	-134.682
   700	-135.591
   701	-136.286
   702	-136.758
   703	-137.042
   704	-137.195
   705	-137.262
   706	-137.267
   707	-137.212
   708	-137.090
   709	-136.906
   710	-136.686
   711	-136.479
   712	-136.348
   713	-136.351
   714	-136.536
   715	-136.928
   716	-137.522
   717	-138.287
   718	-139.177
   719	-140.135
   720	-141.107
   721	-142.052
   722	-142.956
   723	-143.829
   724	-144.690
   725	-145.533
   726	-146.307
   727	-146.923
   728	-147.265
   729	-147.231
   730	-146.766
   731	-145.886
   732	-144.674
   733	-143.250
   734	-141.726
   735	-140.171
   736	-138.590
   737	-136.927
   738	-135.118
   739	-133.130
   740	-131.000
   741	-128.832
   742	-126.770
   743	-124.961
   744	-123.527
   745	-122.537
   746	-122.008
   747	-121.909
   748	-122.179
   749	-122.733
   750	-123.483
   751	-124.351
   752	-125.284
   753	-126.283
   754	-127.382
   755	-128.618
   756	-130.000
   757	-131.481
   758	-132.965
   759	-134.318
   760	-135.405
   761	-136.131
   762	-136.462
   763	-136.426
   764	-136.084
   765	-135.495
   766	-134.685
   767	-133.646
   768	-132.352
   769	-130.792
   770	-129.001
   771	-127.066
   772	-125.100
   773	-123.210
   774	-121.479
   775	-119.963
   776	-118.689
   777	-117.658
   778	-116.856
   779	-116.269
   780	-115.882
   781	-115.688
   782	-115.685
   783	-115.881
   784	-116.287
   785	-116.907
   786	-117.725
   787	-118.705
   788	-119.783
   789	-120.877
   790	-121.896
   791	-122.763
   792	-123.435
   793	-123.912
   794	-124.214
   795	-124.357
   796	-124.331
   797	-124.097
   798	-123.611
   799	-122.847
   800	-121.828
   801	-120.633
   802	-119.366
   803	-118.129
   804	-116.989
   805	-115.976
   806	-115.079
   807	-114.265
   808	-113.494
   809	-112.741
   810	-112.006
   811	-111.313
   812	-110.715
   813	-110.285
   814	-110.111
   815	-110.265
   816	-110.777
   817	-111.620
   818	-112.705
   819	-113.900
   820	-115.062
   821	-116.077
   822	-116.908
   823	-117.599
   824	-118.238
   825	-118.897
   826	-119.588
   827	-120.241
   828	-120.727
   829	-120.907
   830	-120.695
   831	-120.103
   832	-119.233
   833	-118.234
   834	-117.247
   835	-116.364
   836	-115.607
   837	-114.931
   838	-114.253
   839	-113.498
   840	-112.643
   841	-111.731
   842	-110.852
   843	-110.103
   844	-109.570
   845	-109.304
   846	-109.320
   847	-109.596
   848	-110.082
   849	-110.711
   850	-111.405
   851	-112.091
   852	-112.720
   853	-113.288
   854	-113.828
   855	-114.383
   856	-114.980
   857	-115.613
   858	-116.245
   859	-116.811
   860	-117.248
   861	-117.518
   862	-117.628
   863	-117.626
   864	-117.577
   865	-117.527
   866	-117.484
   867	-117.414
   868	-117.258
   869	-116.970
   870	-116.536
   871	-115.993
   872	-115.409
   873	-114.848
   874	-114.355
   875	-113.940
   876	-113.588
   877	-113.266
   878	-112.936
   879	-112.564
   880	-112.135
   881	-111.654
   882	-111.148
   883	-110.659
   884	-110.239
   885	-109.921
   886	-109.709
   887	-109.570
   888	-109.445
   889	-109.273
   890	-109.021
   891	-108.702
   892	-108.371
   893	-108.110
   894	-108.005
   895	-108.118
   896	-108.475
   897	-109.061
   898	-109.816
   899	-110.637
   900	-111.409
   901	-112.044
   902	-112.525
   903	-112.918
   904	-113.331
   905	-113.851
   906	-114.508
   907	-115.249
   908	-115.956
   909	-116.480
   910	-116.699
   911	-116.573
   912	-116.157
   913	-115.574
   914	-114.953
   915	-114.383
   916	-113.885
   917	-113.410
   918	-112.874
   919	-112.201
   920	-111.373
   921	-110.448
   922	-109.531
   923	-108.737
   924	-108.154
   925	-107.831
   926	-107.762
   927	-107.892
   928	-108.136
   929	-108.406
   930	-108.638
   931	-108.811
   932	-108.945
   933	-109.093
   934	-109.319
   935	-109.665
   936	-110.136
   937	-110.687
   938	-111.235
   939	-111.681
   940	-111.941
   941	-111.989
   942	-111.868
   943	-111.662
   944	-111.454
   945	-111.284
   946	-111.131
   947	-110.922
   948	-110.555
   949	-109.959
   950	-109.144
   951	-108.208
   952	-107.291
   953	-106.509
   954	-105.935
   955	-105.597
   956	-105.499
   957	-105.624
   958	-105.948
   959	-106.429
   960	-107.013
   961	-107.641
   962	-108.291
   963	-109.003
   964	-109.865
   965	-110.964
   966	-112.348
   967	-114.001
   968	-115.829
   969	-117.671
   970	-119.330
   971	-120.649
   972	-121.585
   973	-122.210
   974	-122.633
   975	-122.921
   976	-123.047
   977	-122.891
   978	-122.289
   979	-121.116
   980	-119.383
   981	-117.265
   982	-115.021
   983	-112.881
   984	-110.986
   985	-109.363
   986	-107.941
   987	-106.586
   988	-105.155
   989	-103.577
   990	-101.919
   991	-100.353
   992	-99.066
   993	-98.182
   994	-97.757
   995	-97.815
   996	-98.365
   997	-99.419
   998	-100.967
   999	-102.931
  1000	-105.126
  1001	-107.298
  1002	-109.265
  1003	-110.991
  1004	-112.553
  1005	-114.066
  1006	-115.607
  1007	-117.176
  1008	-118.691
  1009	-119.996
  1010	-120.930
  1011	-121.409
  1012	-121.471
  1013	-121.239
  1014	-120.846
  1015	-120.364
  1016	-119.792
  1017	-119.057
  1018	-118.070
  1019	-116.788
  1020	-115.291
  1021	-113.771
  1022	-112.436
  1023	-111.423
  1024	-110.777
  1025	-110.485
  1026	-110.493
  1027	-110.724
  1028	-111.096
  1029	-111.539
  1030	-112.001
  1031	-112.464
  1032	-112.931
  1033	-113.430
  1034	-113.982
  1035	-114.583
  1036	-115.185
  1037	-115.705
  1038	-116.035
  1039	-116.080
  1040	-115.797
  1041	-115.223
  1042	-114.463
  1043	-113.640
  1044	-112.852
  1045	-112.146
  1046	-111.522
  1047	-110.949
  1048	-110.390
  1049	-109.829
  1050	-109.291
  1051	-108.832
  1052	-108.517
  1053	-108.411
  1054	-108.568
  1055	-109.026
  1056	-109.802
  1057	-110.886
  1058	-112.236
  1059	-113.767
  1060	-115.339
  1061	-116.787
  1062	-118.001
  1063	-118.978
  1064	-119.801
  1065	-120.568
  1066	-121.340
  1067	-122.101
  1068	-122.764
  1069	-123.201
  1070	-123.299
  1071	-123.029
  1072	-122.462
  1073	-121.738
  1074	-120.997
  1075	-120.324
  1076	-119.728
  1077	-119.140
  1078	-118.454
  1079	-117.585
  1080	-116.529
  1081	-115.371
  1082	-114.235
  1083	-113.235
  1084	-112.455
  1085	-111.941
  1086	-111.709
  1087	-111.745
  1088	-112.003
  1089	-112.411
  1090	-112.881
  1091	-113.343
  1092	-113.786
  1093	-114.274
  1094	-114.909
  1095	-115.780
  1096	-116.917
  1097	-118.277
  1098	-119.756
  1099	-121.211
  1100	-122.499
  1101	-123.521
  1102	-124.250
  1103	-124.728
  1104	-125.024
  1105	-125.191
  1106	-125.248
  1107	-125.176
  1108	-124.934
  1109	-124.484
  1110	-123.826
  1111	-123.014
  1112	-122.154
  1113	-121.374
  1114	-120.787
  1115	-120.456
  1116	-120.376
  1117	-120.479
  1118	-120.669
  1119	-120.865
  1120	-121.040
  1121	-121.226
  1122	-121.489
  1123	-121.900
  1124	-122.500
  1125	-123.285
  1126	-124.194
  1127	-125.119
  1128	-125.921
  1129	-126.466
  1130	-126.673
  1131	-126.546
  1132	-126.169
  1133	-125.671
  1134	-125.169
  1135	-124.728
  1136	-124.336
  1137	-123.915
  1138	-123.357
  1139	-122.576
  1140	-121.566
  1141	-120.410
  1142	-119.253
  1143	-118.247
  1144	-117.509
  1145	-117.109
  1146	-117.065
  1147	-117.353
  1148	-117.922
  1149	-118.706
  1150	-119.635
  1151	-120.646
  1152	-121.705
  1153	-122.825
  1154	-124.054
  1155	-125.442
  1156	-127.013
  1157	-128.744
  1158	-130.559
  1159	-132.331
  1160	-133.902
  1161	-135.135
  1162	-135.965
  1163	-136.421
  1164	-136.591
  1165	-136.566
  1166	-136.399
  1167	-136.093
  1168	-135.599
  1169	-134.860
  1170	-133.855
  1171	-132.636
  1172	-131.315
  1173	-130.016
  1174	-128.833
  1175	-127.803
  1176	-126.899
  1177	-126.050
  1178	-125.179
  1179	-124.254
  1180	-123.310
  1181	-122.430
  1182	-121.700
  1183	-121.175
  1184	-120.880
  1185	-120.816
  1186	-120.970
  1187	-121.314
  1188	-121.803
  1189	-122.374
  1190	-122.957
  1191	-123.505
  1192	-124.020
  1193	-124.561
  1194	-125.204
  1195	-126.000
  1196	-126.942
  1197	-127.967
  1198	-128.972
  1199	-129.852
  1200	-130.543
  1201	-131.033
  1202	-131.364
  1203	-131.599
  1204	-131.790
  1205	-131.946
  1206	-132.035
  1207	-131.994
  1208	-131.755
  1209	-131.274
  1210	-130.553
  1211	-129.647
  1212	-128.655
  1213	-127.696
  1214	-126.881
  1215	-126.270
  1216	-125.862
  1217	-125.586
  1218	-125.338
  1219	-125.024
  1220	-124.600
  1221	-124.091
  1222	-123.569
  1223	-123.115
  1224	-122.776
  1225	-122.546
  1226	-122.363
  1227	-122.120
  1228	-121.704
  1229	-121.043
  1230	-120.140
  1231	-119.068
  1232	-117.934
  1233	-116.841
  1234	-115.867
  1235	-115.061
  1236	-114.444
  1237	-114.013
  1238	-113.746
  1239	-113.619
  1240	-113.607
  1241	-113.698
  1242	-113.901
  1243	-114.248
  1244	-114.789
  1245	-115.569
  1246	-116.607
  1247	-117.887
  1248	-119.348
  1249	-120.891
  1250	-122.379
  1251	-123.688
  1252	-124.746
  1253	-125.552
  1254	-126.147
  1255	-126.586
  1256	-126.899
  1257	-127.076
  1258	-127.075
  1259	-126.844
  1260	-126.355
  1261	-125.641
  1262	-124.785
  1263	-123.892
  1264	-123.044
  1265	-122.273
  1266	-121.552
  1267	-120.810
  1268	-119.979
  1269	-119.037
  1270	-118.029
  1271	-117.061
  1272	-116.245
  1273	-115.670
  1274	-115.382
  1275	-115.386
  1276	-115.646
  1277	-116.101
  1278	-116.666
  1279	-117.255
  1280	-117.799
  1281	-118.269
  1282	-118.687
  1283	-119.113
  1284	-119.605
  1285	-120.186
  1286	-120.819
  1287	-121.412
  1288	-121.854
  1289	-122.047
  1290	-121.954
  1291	-121.609
  1292	-121.107
  1293	-120.569
  1294	-120.100
  1295	-119.770
  1296	-119.602
  1297	-119.582
  1298	-119.674
  1299	-119.841
  1300	-120.061
  1301	-120.341
  1302	-120.718
  1303	-121.250
  1304	-122.000
  1305	-123.012
  1306	-124.296
  1307	-125.824
  1308	-127.537
  1309	-129.352
  1310	-131.167
  1311	-132.881
  1312	-134.409
  1313	-135.707
  1314	-136.768
  1315	-137.601
  1316	-138.206
  1317	-138.563
  1318	-138.634
  1319	-138.382
  1320	-137.797
  1321	-136.916
  1322	-135.808
  1323	-134.559
  1324	-133.245
  1325	-131.911
  1326	-130.565
  1327	-129.187
  1328	-127.758
  1329	-126.282
  1330	-124.814
  1331	-123.437
  1332	-122.232
  1333	-121.258
  1334	-120.539
  1335	-120.074
  1336	-119.845
  1337	-119.825
  1338	-119.982
  1339	-120.285
  1340	-120.699
  1341	-121.200
  1342	-121.792
  1343	-122.507
  1344	-123.394
  1345	-124.497
  1346	-125.827
  1347	-127.362
  1348	-129.039
  1349	-130.768
  1350	-132.473
  1351	-134.108
  1352	-135.668
  1353	-137.174
  1354	-138.638
  1355	-140.042
  1356	-141.331
  1357	-142.423
  1358	-143.234
  1359	-143.701
  1360	-143.809
  1361	-143.596
  1362	-143.142
  1363	-142.539
  1364	-141.864
  1365	-141.156
  1366	-140.415
  1367	-139.609
  1368	-138.699
  1369	-137.663
  1370	-136.530
  1371	-135.376
  1372	-134.306
  1373	-133.417
  1374	-132.769
  1375	-132.360
  1376	-132.133
  1377	-131.989
  1378	-131.828
  1379	-131.583
  1380	-131.238
  1381	-130.823
  1382	-130.388
  1383	-129.984
  1384	-129.645
  1385	-129.384
  1386	-129.195
  1387	-129.058
  1388	-128.959
  1389	-128.888
  1390	-128.854
  1391	-128.876
  1392	-128.991
  1393	-129.252
  1394	-129.726
  1395	-130.470
  1396	-131.518
  1397	-132.859
  1398	-134.437
  1399	-136.151
  1400	-137.884
  1401	-139.529
  1402	-141.022
  1403	-142.345
  1404	-143.514
  1405	-144.546
  1406	-145.434
  1407	-146.139
  1408	-146.597
  1409	-146.740
  1410	-146.518
  1411	-145.919
  1412	-144.969
  1413	-143.720
  1414	-142.227
  1415	-140.546
  1416	-138.718
  1417	-136.776
  1418	-134.760
  1419	-132.725
  1420	-130.746
  1421	-128.905
  1422	-127.282
  1423	-125.936
  1424	-124.902
  1425	-124.180
  1426	-123.748
  1427	-123.563
  1428	-123.588
  1429	-123.800
  1430	-124.198
  1431	-124.791
  1432	-125.587
  1433	-126.588
  1434	-127.783
  1435	-129.148
  1436	-130.637
  1437	-132.183
  1438	-133.699
  1439	-135.092
  1440	-136.274
  1441	-137.196
  1442	-137.859
  1443	-138.303
  1444	-138.576
  1445	-138.709
  1446	-138.690
  1447	-138.476
  1448	-138.017
  1449	-137.290
  1450	-136.330
  1451	-135.231
  1452	-134.124
  1453	-133.134
  1454	-132.345
  1455	-131.790
  1456	-131.451
  1457	-131.280
  1458	-131.224
  1459	-131.252
  1460	-131.360
  1461	-131.560
  1462	-131.879
  1463	-132.345
  1464	-132.980
  1465	-133.785
  1466	-134.731
  1467	-135.755
  1468	-136.768
  1469	-137.669
  1470	-138.375
  1471	-138.846
  1472	-139.088
  1473	-139.141
  1474	-139.062
  1475	-138.890
  1476	-138.630
  1477	-138.259
  1478	-137.731
  1479	-137.016
  1480	-136.111
  1481	-135.056
  1482	-133.911
  1483	-132.747
  1484	-131.620
  1485	-130.572
  1486	-129.623
  1487	-128.781
  1488	-128.047
  1489	-127.429
  1490	-126.937
  1491	-126.587
  1492	-126.386
  1493	-126.340
  1494	-126.455
  1495	-126.740
  1496	-127.198
  1497	-127.822
  1498	-128.585
  1499	-129.439
  1500	-130.320
  1501	-131.169
  1502	-131.941
  1503	-132.619
  1504	-133.201
  1505	-133.690
  1506	-134.078
  1507	-134.349
  1508	-134.485
  1509	-134.480
  1510	-134.348
  1511	-134.122
  1512	-133.850
  1513	-133.575
  1514	-133.326
  1515	-133.111
  1516	-132.922
  1517	-132.744
  1518	-132.562
  1519	-132.367
  1520	-132.159
  1521	-131.947
  1522	-131.745
  1523	-131.568
  1524	-131.413
  1525	-131.257
  1526	-131.046
  1527	-130.709
  1528	-130.179
  1529	-129.419
  1530	-128.441
  1531	-127.297
  1532	-126.071
  1533	-124.836
  1534	-123.636
  1535	-122.479
  1536	-121.338
  1537	-120.180
  1538	-118.979
  1539	-117.750
  1540	-116.548
  1541	-115.458
  1542	-114.566
  1543	-113.948
  1544	-113.651
  1545	-113.699
  1546	-114.078
  1547	-114.745
  1548	-115.627
  1549	-116.639
  1550	-117.700
  1551	-118.751
  1552	-119.771
  1553	-120.774
  1554	-121.785
  1555	-122.816
  1556	-123.836
  1557	-124.771
  1558	-125.524
  1559	-125.999
  1560	-126.133
  1561	-125.912
  1562	-125.372
  1563	-124.573
  1564	-123.577
  1565	-122.425
  1566	-121.133
  1567	-119.702
  1568	-118.138
  1569	-116.472
  1570	-114.768
  1571	-113.107
  1572	-111.568
  1573	-110.213
  1574	-109.083
  1575	-108.195
  1576	-107.543
  1577	-107.107
  1578	-106.859
  1579	-106.771
  1580	-106.823
  1581	-107.005
  1582	-107.317
  1583	-107.765
  1584	-108.354
  1585	-109.081
  1586	-109.928
  1587	-110.861
  1588	-111.835
  1589	-112.789
  1590	-113.671
  1591	-114.441
  1592	-115.082
  1593	-115.597
  1594	-115.992
  1595	-116.276
  1596	-116.442
  1597	-116.475
  1598	-116.359
  1599	-116.088
  1600	-115.679
  1601	-115.178
  1602	-114.648
  1603	-114.151
  1604	-113.728
  1605	-113.388
  1606	-113.109
  1607	-112.848
  1608	-112.565
  1609	-112.237
  1610	-111.873
  1611	-111.506
  1612	-111.178
  1613	-110.919
  1614	-110.740
  1615	-110.621
  1616	-110.524
  1617	-110.397
  1618	-110.197
  1619	-109.899
  1620	-109.505
  1621	-109.043
  1622	-108.556
  1623	-108.082
  1624	-107.647
  1625	-107.256
  1626	-106.891
  1627	-106.521
  1628	-106.115
  1629	-105.655
  1630	-105.146
  1631	-104.609
  1632	-104.074
  1633	-103.569
  1634	-103.107
  1635	-102.689
  1636	-102.307
  1637	-101.948
  1638	-101.608
  1639	-101.292
  1640	-101.016
  1641	-100.798
  1642	-100.658
  1643	-100.607
  1644	-100.652
  1645	-100.795
  1646	-101.035
  1647	-101.364
  1648	-101.766
  1649	-102.218
  1650	-102.687
  1651	-103.141
  1652	-103.556
  1653	-103.916
  1654	-104.219
  1655	-104.467
  1656	-104.661
  1657	-104.797
  1658	-104.864
  1659	-104.847
  1660	-104.733
  1661	-104.514
  1662	-104.193
  1663	-103.780
  1664	-103.295
  1665	-102.760
  1666	-102.193
  1667	-101.609
  1668	-101.021
  1669	-100.440
  1670	-99.878
  1671	-99.344
  1672	-98.847
  1673	-98.390
  1674	-97.974
  1675	-97.591
  1676	-97.227
  1677	-96.869
  1678	-96.502
  1679	-96.121
  1680	-95.728
  1681	-95.336
  1682	-94.957
  1683	-94.606
  1684	-94.289
  1685	-94.007
  1686	-93.754
  1687	-93.523
  1688	-93.306
  1689	-93.098
  1690	-92.903
  1691	-92.732
  1692	-92.600
  1693	-92.528
  1694	-92.527
  1695	-92.603
  1696	-92.747
  1697	-92.944
  1698	-93.178
  1699	-93.439
  1700	-93.723
  1701	-94.035
  1702	-94.381
  1703	-94.768
  1704	-95.194
  1705	-95.649
  1706	-96.114
  1707	-96.564
  1708	-96.972
  1709	-97.315
  1710	-97.582
  1711	-97.779
  1712	-97.923
  1713	-98.035
  1714	-98.129
  1715	-98.207
  1716	-98.256
  1717	-98.252
  1718	-98.167
  1719	-97.982
  1720	-97.686
  1721	-97.285
  1722	-96.795
  1723	-96.238
  1724	-95.640
  1725	-95.027
  1726	-94.424
  1727	-93.861
  1728	-93.370
  1729	-92.981
  1730	-92.717
  1731	-92.595
  1732	-92.626
  1733	-92.812
  1734	-93.155
  1735	-93.647
  1736	-94.274
  1737	-95.018
  1738	-95.852
  1739	-96.744
  1740	-97.659
  1741	-98.568
  1742	-99.439
  1743	-100.241
  1744	-100.938
  1745	-101.488
  1746	-101.844
  1747	-101.968
  1748	-101.833
  1749	-101.438
  1750	-100.806
  1751	-99.980
  1752	-99.015
  1753	-97.966
  1754	-96.879
  1755	-95.790
  1756	-94.726
  1757	-93.709
  1758	-92.764
  1759	-91.913
  1760	-91.191
  1761	-90.630
  1762	-90.260
  1763	-90.106
  1764	-90.187
  1765	-90.513
  1766	-91.082
  1767	-91.880
  1768	-92.877
  1769	-94.023
  1770	-95.255
  1771	-96.508
  1772	-97.723
  1773	-98.859
  1774	-99.891
  1775	-100.797
  1776	-101.550
  1777	-102.123
  1778	-102.490
  1779	-102.634
  1780	-102.558
  1781	-102.287
  1782	-101.857
  1783	-101.305
  1784	-100.657
  1785	-99.925
  1786	-99.112
  1787	-98.223
  1788	-97.276
  1789	-96.305
  1790	-95.367
  1791	-94.532
  1792	-93.869
  1793	-93.435
  1794	-93.273
  1795	-93.407
  1796	-93.842
  1797	-94.571
  1798	-95.567
  1799	-96.791
  1800	-98.191
  1801	-99.706
  1802	-101.282
  1803	-102.867
  1804	-104.412
  1805	-105.879
  1806	-107.227
  1807	-108.415
  1808	-109.393
  1809	-110.111
  1810	-110.526
  1811	-110.611
  1812	-110.359
  1813	-109.779
  1814	-108.895
  1815	-107.735
  1816	-106.331
  1817	-104.720
  1818	-102.947
  1819	-101.060
  1820	-99.131
  1821	-97.239
  1822	-95.466
  1823	-93.892
  1824	-92.588
  1825	-91.603
  1826	-90.965
  1827	-90.687
  1828	-90.768
  1829	-91.199
  1830	-91.961
  1831	-93.026
  1832	-94.356
  1833	-95.918
  1834	-97.679
  1835	-99.610
  1836	-101.680
  1837	-103.858
  1838	-106.114
  1839	-108.413
  1840	-110.718
  1841	-112.984
  1842	-115.159
  1843	-117.191
  1844	-119.032
  1845	-120.617
  1846	-121.884
  1847	-122.772
  1848	-123.241
  1849	-123.272
  1850	-122.879
  1851	-122.100
  1852	-120.991
  1853	-119.612
  1854	-118.016
  1855	-116.250
  1856	-114.358
  1857	-112.385
  1858	-110.382
  1859	-108.415
  1860	-106.550
  1861	-104.857
  1862	-103.390
  1863	-102.192
  1864	-101.283
  1865	-100.669
  1866	-100.340
  1867	-100.284
  1868	-100.490
  1869	-100.946
  1870	-101.644
  1871	-102.571
  1872	-103.708
  1873	-105.028
  1874	-106.504
  1875	-108.104
  1876	-109.791
  1877	-111.530
  1878	-113.274
  1879	-114.964
  1880	-116.550
  1881	-117.995
  1882	-119.280
  1883	-120.413
  1884	-121.415
  1885	-122.311
  1886	-123.111
  1887	-123.810
  1888	-124.376
  1889	-124.763
  1890	-124.929
  1891	-124.841
  1892	-124.484
  1893	-123.862
  1894	-122.993
  1895	-121.894
  1896	-120.585
  1897	-119.085
  1898	-117.417
  1899	-115.608
  1900	-113.711
  1901	-111.790
  1902	-109.922
  1903	-108.182
  1904	-106.635
  1905	-105.338
  1906	-104.336
  1907	-103.666
  1908	-103.358
  1909	-103.427
  1910	-103.876
  1911	-104.683
  1912	-105.816
  1913	-107.226
  1914	-108.861
  1915	-110.668
  1916	-112.600
  1917	-114.605
  1918	-116.625
  1919	-118.591
  1920	-120.428
  1921	-122.066
  1922	-123.442
  1923	-124.512
  1924	-125.246
  1925	-125.624
  1926	-125.629
  1927	-125.254
  1928	-124.506
  1929	-123.415
  1930	-122.035
  1931	-120.449
  1932	-118.745
  1933	-117.010
  1934	-115.309
  1935	-113.679
  1936	-112.138
  1937	-110.697
  1938	-109.375
  1939	-108.204
  1940	-107.228
  1941	-106.500
  1942	-106.064
  1943	-105.949
  1944	-106.167
  1945	-106.717
  1946	-107.587
  1947	-108.757
  1948	-110.203
  1949	-111.897
  1950	-113.799
  1951	-115.865
  1952	-118.047
  1953	-120.296
  1954	-122.559
  1955	-124.775
  1956	-126.864
  1957	-128.725
  1958	-130.248
  1959	-131.328
  1960	-131.902
  1961	-131.961
  1962	-131.547
  1963	-130.734
  1964	-129.601
  1965	-128.212
  1966	-126.602
  1967	-124.787
  1968	-122.773
  1969	-120.576
  1970	-118.239
  1971	-115.836
  1972	-113.454
  1973	-111.185
  1974	-109.110
  1975	-107.293
  1976	-105.785
  1977	-104.628
  1978	-103.860
  1979	-103.507
  1980	-103.574
  1981	-104.043
  1982	-104.873
  1983	-106.022
  1984	-107.449
  1985	-109.130
  1986	-111.046
  1987	-113.176
  1988	-115.478
  1989	-117.880
  1990	-120.292
  1991	-122.613
  1992	-124.751
  1993	-126.633
  1994	-128.199
  1995	-129.399
  1996	-130.183
  1997	-130.497
  1998	-130.298
  1999	-129.563
  2000	-128.315
  2001	-126.630
