     1	-171.776
     2	-171.180
     3	-170.544
     4	-169.876
     5	-169.186
     6	-168.494
     7	-167.834
     8	-167.252
     9	-166.800
    10	-166.517
    11	-166.415
    12	-166.483
    13	-166.696
    14	-167.033
    15	-167.490
    16	-168.080
    17	-168.825
    18	-169.743
    19	-170.826
    20	-172.034
    21	-173.309
    22	-174.590
    23	-175.827
    24	-176.989
    25	-178.054
    26	-179.011
    27	-179.855
    28	179.420
    29	178.814
    30	178.323
    31	177.943
    32	177.666
    33	177.500
    34	177.467
    35	177.610
    36	177.984
    37	178.640
    38	179.603
    39	-179.151
    40	-177.701
    41	-176.146
    42	-174.579
    43	-173.060
    44	-171.619
    45	-170.264
    46	-168.994
    47	-167.806
    48	-166.704
    49	-165.707
    50	-164.841
    51	-164.133
    52	-163.606
    53	-163.275
    54	-163.146
    55	-163.217
    56	-163.471
    57	-163.887
    58	-164.437
    59	-165.091
    60	-165.815
    61	-166.569
    62	-167.317
    63	-168.027
    64	-168.674
    65	-169.241
    66	-169.712
    67	-170.069
    68	-170.296
    69	-170.389
    70	-170.351
    71	-170.197
    72	-169.947
    73	-169.621
    74	-169.242
    75	-168.832
    76	-168.410
    77	-167.997
    78	-167.611
    79	-167.264
    80	-166.964
    81	-166.707
    82	-166.484
    83	-166.285
    84	-166.107
    85	-165.959
    86	-165.863
    87	-165.843
    88	-165.923
    89	-166.111
    90	-166.406
    91	-166.789
    92	-167.244
    93	-167.752
    94	-168.302
    95	-168.892
    96	-169.524
    97	-170.204
    98	-170.934
    99	-171.716
   100	-172.543
   101	-173.397
   102	-174.248
   103	-175.053
   104	-175.761
   105	-176.325
   106	-176.711
   107	-176.908
   108	-176.934
   109	-176.826
   110	-176.631
   111	-176.392
   112	-176.137
   113	-175.880
   114	-175.622
   115	-175.362
   116	-175.107
   117	-174.876
   118	-174.701
   119	-174.626
   120	-174.693
   121	-174.937
   122	-175.380
   123	-176.028
   124	-176.863
   125	-177.841
   126	-178.898
   127	-179.952
   128	179.076
   129	178.247
   130	177.594
   131	177.122
   132	176.813
   133	176.640
   134	176.581
   135	176.622
   136	176.763
   137	177.020
   138	177.408
   139	177.942
   140	178.624
   141	179.448
   142	-179.605
   143	-178.559
   144	-177.444
   145	-176.296
   146	-175.156
   147	-174.064
   148	-173.051
   149	-172.125
   150	-171.279
   151	-170.494
   152	-169.760
   153	-169.082
   154	-168.485
   155	-168.009
   156	-167.698
   157	-167.584
   158	-167.681
   159	-167.980
   160	-168.459
   161	-169.093
   162	-169.862
   163	-170.756
   164	-171.776
   165	-172.926
   166	-174.200
   167	-175.575
   168	-177.006
   169	-178.441
   170	-179.818
   171	178.921
   172	177.829
   173	176.956
   174	176.345
   175	176.026
   176	176.008
   177	176.275
   178	176.778
   179	177.452
   180	178.232
   181	179.074
   182	179.954
   183	-179.126
   184	-178.159
   185	-177.140
   186	-176.087
   187	-175.042
   188	-174.060
   189	-173.197
   190	-172.494
   191	-171.972
   192	-171.628
   193	-171.444
   194	-171.391
   195	-171.435
   196	-171.545
   197	-171.700
   198	-171.884
   199	-172.093
   200	-172.335
   201	-172.630
   202	-173.003
   203	-173.477
   204	-174.058
   205	-174.729
   206	-175.448
   207	-176.157
   208	-176.801
   209	-177.344
   210	-177.783
   211	-178.136
   212	-178.437
   213	-178.714
   214	-178.983
   215	-179.238
   216	-179.448
   217	-179.573
   218	-179.566
   219	-179.392
   220	-179.031
   221	-178.484
   222	-177.763
   223	-176.900
   224	-175.937
   225	-174.919
   226	-173.898
   227	-172.916
   228	-172.000
   229	-171.158
   230	-170.382
   231	-169.661
   232	-168.993
   233	-168.394
   234	-167.891
   235	-167.519
   236	-167.303
   237	-167.254
   238	-167.359
   239	-167.593
   240	-167.921
   241	-168.311
   242	-168.741
   243	-169.206
   244	-169.711
   245	-170.265
   246	-170.869
   247	-171.507
   248	-172.148
   249	-172.758
   250	-173.305
   251	-173.759
   252	-174.096
   253	-174.297
   254	-174.350
   255	-174.250
   256	-174.008
   257	-173.647
   258	-173.205
   259	-172.726
   260	-172.245
   261	-171.785
   262	-171.350
   263	-170.931
   264	-170.511
   265	-170.081
   266	-169.647
   267	-169.234
   268	-168.879
   269	-168.617
   270	-168.478
   271	-168.469
   272	-168.585
   273	-168.806
   274	-169.101
   275	-169.441
   276	-169.803
   277	-170.172
   278	-170.547
   279	-170.937
   280	-171.357
   281	-171.829
   282	-172.376
   283	-173.013
   284	-173.748
   285	-174.573
   286	-175.467
   287	-176.392
   288	-177.305
   289	-178.173
   290	-178.977
   291	-179.715
   292	179.606
   293	178.977
   294	178.401
   295	177.888
   296	177.459
   297	177.140
   298	176.951
   299	176.903
   300	176.993
   301	177.202
   302	177.504
   303	177.865
   304	178.251
   305	178.634
   306	178.994
   307	179.320
   308	179.611
   309	179.873
   310	-179.881
   311	-179.637
   312	-179.387
   313	-179.126
   314	-178.859
   315	-178.595
   316	-178.345
   317	-178.116
   318	-177.910
   319	-177.722
   320	-177.539
   321	-177.347
   322	-177.136
   323	-176.901
   324	-176.651
   325	-176.399
   326	-176.169
   327	-175.980
   328	-175.849
   329	-175.778
   330	-175.763
   331	-175.787
   332	-175.831
   333	-175.878
   334	-175.915
   335	-175.938
   336	-175.946
   337	-175.943
   338	-175.929
   339	-175.911
   340	-175.894
   341	-175.882
   342	-175.883
   343	-175.896
   344	-175.919
   345	-175.945
   346	-175.966
   347	-175.973
   348	-175.963
   349	-175.942
   350	-175.916
   351	-175.889
   352	-175.859
   353	-175.816
   354	-175.743
   355	-175.623
   356	-175.443
   357	-175.199
   358	-174.895
   359	-174.541
   360	-174.150
   361	-173.735
   362	-173.310
   363	-172.884
   364	-172.468
   365	-172.077
   366	-171.729
   367	-171.445
   368	-171.248
   369	-171.161
   370	-171.204
   371	-171.395
   372	-171.747
   373	-172.263
   374	-172.929
   375	-173.719
   376	-174.589
   377	-175.487
   378	-176.361
   379	-177.171
   380	-177.889
   381	-178.503
   382	-179.005
   383	-179.392
   384	-179.658
   385	-179.795
   386	-179.799
   387	-179.671
   388	-179.421
   389	-179.068
   390	-178.634
   391	-178.141
   392	-177.613
   393	-177.073
   394	-176.542
   395	-176.049
   396	-175.627
   397	-175.304
   398	-175.100
   399	-175.020
   400	-175.059
   401	-175.206
   402	-175.453
   403	-175.796
   404	-176.234
   405	-176.770
   406	-177.400
   407	-178.118
   408	-178.910
   409	-179.759
   410	179.354
   411	178.447
   412	177.533
   413	176.625
   414	175.741
   415	174.898
   416	174.115
   417	173.412
   418	172.807
   419	172.313
   420	171.937
   421	171.681
   422	171.546
   423	171.531
   424	171.633
   425	171.844
   426	172.147
   427	172.521
   428	172.942
   429	173.394
   430	173.876
   431	174.395
   432	174.967
   433	175.603
   434	176.305
   435	177.065
   436	177.860
   437	178.659
   438	179.430
   439	-179.852
   440	-179.210
   441	-178.659
   442	-178.219
   443	-177.909
   444	-177.748
   445	-177.754
   446	-177.937
   447	-178.296
   448	-178.819
   449	-179.491
   450	179.707
   451	178.791
   452	177.789
   453	176.736
   454	175.685
   455	174.702
   456	173.858
   457	173.210
   458	172.790
   459	172.605
   460	172.640
   461	172.877
   462	173.300
   463	173.899
   464	174.668
   465	175.596
   466	176.664
   467	177.828
   468	179.040
   469	-179.752
   470	-178.591
   471	-177.507
   472	-176.516
   473	-175.624
   474	-174.831
   475	-174.145
   476	-173.578
   477	-173.139
   478	-172.832
   479	-172.643
   480	-172.557
   481	-172.559
   482	-172.642
   483	-172.812
   484	-173.078
   485	-173.452
   486	-173.939
   487	-174.533
   488	-175.216
   489	-175.971
   490	-176.786
   491	-177.655
   492	-178.581
   493	-179.567
   494	179.390
   495	178.306
   496	177.215
   497	176.163
   498	175.202
   499	174.374
   500	173.706
   501	173.211
   502	172.892
   503	172.746
   504	172.763
   505	172.925
   506	173.213
   507	173.598
   508	174.054
   509	174.561
   510	175.104
   511	175.674
   512	176.263
   513	176.861
   514	177.449
   515	178.007
   516	178.506
   517	178.924
   518	179.241
   519	179.452
   520	179.565
   521	179.595
   522	179.561
   523	179.481
   524	179.369
   525	179.234
   526	179.079
   527	178.909
   528	178.728
   529	178.540
   530	178.352
   531	178.170
   532	178.000
   533	177.851
   534	177.730
   535	177.644
   536	177.593
   537	177.574
   538	177.575
   539	177.583
   540	177.586
   541	177.580
   542	177.576
   543	177.596
   544	177.673
   545	177.838
   546	178.112
   547	178.503
   548	178.997
   549	179.571
   550	-179.800
   551	-179.141
   552	-178.465
   553	-177.783
   554	-177.106
   555	-176.447
   556	-175.825
   557	-175.260
   558	-174.769
   559	-174.369
   560	-174.072
   561	-173.896
   562	-173.860
   563	-173.977
   564	-174.257
   565	-174.695
   566	-175.268
   567	-175.945
   568	-176.689
   569	-177.477
   570	-178.306
   571	-179.185
   572	179.872
   573	178.858
   574	177.786
   575	176.690
   576	175.622
   577	174.630
   578	173.751
   579	173.012
   580	172.426
   581	172.006
   582	171.760
   583	171.697
   584	171.825
   585	172.143
   586	172.639
   587	173.294
   588	174.090
   589	175.020
   590	176.088
   591	177.299
   592	178.645
   593	-179.906
   594	-178.422
   595	-176.997
   596	-175.735
   597	-174.715
   598	-173.975
   599	-173.512
   600	-173.300
   601	-173.301
   602	-173.485
   603	-173.830
   604	-174.325
   605	-174.961
   606	-175.723
   607	-176.591
   608	-177.536
   609	-178.531
   610	-179.554
   611	179.417
   612	178.401
   613	177.424
   614	176.514
   615	175.711
   616	175.050
   617	174.549
   618	174.195
   619	173.952
   620	173.783
   621	173.664
   622	173.595
   623	173.590
   624	173.677
   625	173.882
   626	174.215
   627	174.668
   628	175.218
   629	175.841
   630	176.519
   631	177.252
   632	178.054
   633	178.946
   634	179.944
   635	-178.955
   636	-177.779
   637	-176.572
   638	-175.385
   639	-174.264
   640	-173.240
   641	-172.341
   642	-171.589
   643	-171.002
   644	-170.591
   645	-170.357
   646	-170.286
   647	-170.355
   648	-170.534
   649	-170.797
   650	-171.130
   651	-171.533
   652	-172.014
   653	-172.584
   654	-173.241
   655	-173.961
   656	-174.698
   657	-175.390
   658	-175.980
   659	-176.429
   660	-176.726
   661	-176.880
   662	-176.920
   663	-176.882
   664	-176.797
   665	-176.690
   666	-176.571
   667	-176.441
   668	-176.297
   669	-176.131
   670	-175.939
   671	-175.717
   672	-175.466
   673	-175.197
   674	-174.926
   675	-174.680
   676	-174.494
   677	-174.398
   678	-174.410
   679	-174.524
   680	-174.718
   681	-174.954
   682	-175.197
   683	-175.420
   684	-175.615
   685	-175.791
   686	-175.973
   687	-176.187
   688	-176.449
   689	-176.759
   690	-177.101
   691	-177.449
   692	-177.772
   693	-178.048
   694	-178.267
   695	-178.433
   696	-178.563
   697	-178.681
   698	-178.809
   699	-178.966
   700	-179.159
   701	-179.387
   702	-179.638
   703	-179.890
   704	179.883
   705	179.705
   706	179.593
   707	179.552
   708	179.571
   709	179.634
   710	179.715
   711	179.794
   712	179.860
   713	179.914
   714	179.969
   715	-179.958
   716	-179.850
   717	-179.701
   718	-179.515
   719	-179.311
   720	-179.116
   721	-178.956
   722	-178.850
   723	-178.802
   724	-178.801
   725	-178.822
   726	-178.834
   727	-178.807
   728	-178.718
   729	-178.554
   730	-178.311
   731	-177.998
   732	-177.629
   733	-177.222
   734	-176.793
   735	-176.356
   736	-175.920
   737	-175.485
   738	-175.048
   739	-174.604
   740	-174.153
   741	-173.705
   742	-173.280
   743	-172.910
   744	-172.630
   745	-172.465
   746	-172.423
   747	-172.490
   748	-172.628
   749	-172.795
   750	-172.949
   751	-173.063
   752	-173.124
   753	-173.134
   754	-173.107
   755	-173.063
   756	-173.019
   757	-172.986
   758	-172.969
   759	-172.967
   760	-172.968
   761	-172.959
   762	-172.928
   763	-172.867
   764	-172.773
   765	-172.650
   766	-172.507
   767	-172.355
   768	-172.206
   769	-172.063
   770	-171.917
   771	-171.746
   772	-171.524
   773	-171.225
   774	-170.837
   775	-170.364
   776	-169.830
   777	-169.269
   778	-168.722
   779	-168.225
   780	-167.797
   781	-167.446
   782	-167.164
   783	-166.938
   784	-166.750
   785	-166.592
   786	-166.461
   787	-166.363
   788	-166.309
   789	-166.314
   790	-166.389
   791	-166.538
   792	-166.752
   793	-167.013
   794	-167.293
   795	-167.565
   796	-167.810
   797	-168.025
   798	-168.217
   799	-168.405
   800	-168.618
   801	-168.886
   802	-169.230
   803	-169.663
   804	-170.180
   805	-170.762
   806	-171.384
   807	-172.016
   808	-172.628
   809	-173.198
   810	-173.713
   811	-174.172
   812	-174.582
   813	-174.950
   814	-175.286
   815	-175.595
   816	-175.877
   817	-176.125
   818	-176.330
   819	-176.480
   820	-176.570
   821	-176.607
   822	-176.611
   823	-176.614
   824	-176.657
   825	-176.778
   826	-177.003
   827	-177.335
   828	-177.750
   829	-178.206
   830	-178.654
   831	-179.050
   832	-179.366
   833	-179.592
   834	-179.740
   835	-179.833
   836	-179.897
   837	-179.949
   838	-179.992
   839	179.981
   840	179.982
   841	-179.983
   842	-179.914
   843	-179.823
   844	-179.734
   845	-179.673
   846	-179.660
   847	-179.708
   848	-179.819
   849	-179.988
   850	179.801
   851	179.570
   852	179.346
   853	179.163
   854	179.053
   855	179.046
   856	179.163
   857	179.408
   858	179.770
   859	-179.773
   860	-179.240
   861	-178.643
   862	-177.983
   863	-177.248
   864	-176.421
   865	-175.494
   866	-174.479
   867	-173.408
   868	-172.329
   869	-171.296
   870	-170.354
   871	-169.534
   872	-168.847
   873	-168.290
   874	-167.846
   875	-167.494
   876	-167.214
   877	-166.990
   878	-166.810
   879	-166.675
   880	-166.591
   881	-166.573
   882	-166.635
   883	-166.787
   884	-167.028
   885	-167.341
   886	-167.699
   887	-168.073
   888	-168.438
   889	-168.785
   890	-169.119
   891	-169.457
   892	-169.821
   893	-170.227
   894	-170.676
   895	-171.155
   896	-171.639
   897	-172.105
   898	-172.527
   899	-172.880
   900	-173.146
   901	-173.311
   902	-173.369
   903	-173.329
   904	-173.210
   905	-173.049
   906	-172.882
   907	-172.734
   908	-172.606
   909	-172.479
   910	-172.323
   911	-172.111
   912	-171.832
   913	-171.496
   914	-171.135
   915	-170.791
   916	-170.501
   917	-170.285
   918	-170.143
   919	-170.063
   920	-170.027
   921	-170.027
   922	-170.061
   923	-170.148
   924	-170.311
   925	-170.576
   926	-170.954
   927	-171.445
   928	-172.038
   929	-172.714
   930	-173.448
   931	-174.208
   932	-174.958
   933	-175.656
   934	-176.266
   935	-176.765
   936	-177.150
   937	-177.438
   938	-177.658
   939	-177.841
   940	-178.008
   941	-178.166
   942	-178.306
   943	-178.410
   944	-178.457
   945	-178.439
   946	-178.358
   947	-178.233
   948	-178.086
   949	-177.939
   950	-177.806
   951	-177.694
   952	-177.604
   953	-177.536
   954	-177.487
   955	-177.455
   956	-177.434
   957	-177.412
   958	-177.382
   959	-177.341
   960	-177.297
   961	-177.269
   962	-177.284
   963	-177.369
   964	-177.549
   965	-177.835
   966	-178.225
   967	-178.704
   968	-179.254
   969	-179.858
   970	179.490
   971	178.789
   972	178.036
   973	177.233
   974	176.393
   975	175.537
   976	174.689
   977	173.874
   978	173.113
   979	172.425
   980	171.823
   981	171.315
   982	170.902
   983	170.580
   984	170.340
   985	170.170
   986	170.060
   987	170.011
   988	170.032
   989	170.147
   990	170.384
   991	170.762
   992	171.282
   993	171.913
   994	172.598
   995	173.270
   996	173.877
   997	174.391
   998	174.811
   999	175.155
  1000	175.450
  1001	175.719
  1002	175.979
  1003	176.228
  1004	176.454
  1005	176.642
  1006	176.778
  1007	176.851
  1008	176.849
  1009	176.760
  1010	176.574
  1011	176.291
  1012	175.925
  1013	175.508
  1014	175.092
  1015	174.724
  1016	174.438
  1017	174.237
  1018	174.102
  1019	173.998
  1020	173.894
  1021	173.774
  1022	173.644
  1023	173.533
  1024	173.483
  1025	173.532
  1026	173.706
  1027	174.005
  1028	174.416
  1029	174.908
  1030	175.449
  1031	176.004
  1032	176.545
  1033	177.049
  1034	177.503
  1035	177.906
  1036	178.266
  1037	178.601
  1038	178.923
  1039	179.239
  1040	179.544
  1041	179.824
  1042	-179.942
  1043	-179.769
  1044	-179.664
  1045	-179.623
  1046	-179.625
  1047	-179.640
  1048	-179.632
  1049	-179.571
  1050	-179.437
  1051	-179.230
  1052	-178.965
  1053	-178.676
  1054	-178.401
  1055	-178.175
  1056	-178.016
  1057	-177.919
  1058	-177.862
  1059	-177.812
  1060	-177.740
  1061	-177.630
  1062	-177.487
  1063	-177.340
  1064	-177.233
  1065	-177.212
  1066	-177.313
  1067	-177.552
  1068	-177.927
  1069	-178.415
  1070	-178.985
  1071	-179.604
  1072	179.758
  1073	179.122
  1074	178.503
  1075	177.903
  1076	177.316
  1077	176.731
  1078	176.139
  1079	175.547
  1080	174.975
  1081	174.456
  1082	174.030
  1083	173.728
  1084	173.572
  1085	173.560
  1086	173.676
  1087	173.896
  1088	174.197
  1089	174.573
  1090	175.028
  1091	175.581
  1092	176.246
  1093	177.018
  1094	177.862
  1095	178.725
  1096	179.549
  1097	-179.712
  1098	-179.097
  1099	-178.635
  1100	-178.343
  1101	-178.228
  1102	-178.279
  1103	-178.475
  1104	-178.784
  1105	-179.167
  1106	-179.591
  1107	179.967
  1108	179.504
  1109	178.999
  1110	178.418
  1111	177.728
  1112	176.911
  1113	175.982
  1114	174.984
  1115	173.987
  1116	173.062
  1117	172.267
  1118	171.628
  1119	171.146
  1120	170.803
  1121	170.572
  1122	170.429
  1123	170.355
  1124	170.343
  1125	170.399
  1126	170.537
  1127	170.779
  1128	171.152
  1129	171.674
  1130	172.348
  1131	173.159
  1132	174.063
  1133	174.998
  1134	175.899
  1135	176.710
  1136	177.404
  1137	177.988
  1138	178.489
  1139	178.943
  1140	179.371
  1141	179.776
  1142	-179.869
  1143	-179.608
  1144	-179.492
  1145	-179.563
  1146	-179.845
  1147	179.663
  1148	178.980
  1149	178.138
  1150	177.175
  1151	176.126
  1152	175.027
  1153	173.908
  1154	172.800
  1155	171.727
  1156	170.708
  1157	169.758
  1158	168.895
  1159	168.142
  1160	167.529
  1161	167.091
  1162	166.853
  1163	166.827
  1164	167.001
  1165	167.345
  1166	167.811
  1167	168.353
  1168	168.933
  1169	169.535
  1170	170.161
  1171	170.830
  1172	171.563
  1173	172.370
  1174	173.240
  1175	174.140
  1176	175.026
  1177	175.851
  1178	176.575
  1179	177.164
  1180	177.599
  1181	177.871
  1182	177.992
  1183	177.985
  1184	177.887
  1185	177.738
  1186	177.570
  1187	177.394
  1188	177.197
  1189	176.944
  1190	176.596
  1191	176.119
  1192	175.505
  1193	174.780
  1194	174.003
  1195	173.251
  1196	172.599
  1197	172.098
  1198	171.770
  1199	171.612
  1200	171.604
  1201	171.718
  1202	171.931
  1203	172.230
  1204	172.614
  1205	173.091
  1206	173.672
  1207	174.367
  1208	175.179
  1209	176.101
  1210	177.111
  1211	178.171
  1212	179.236
  1213	-179.743
  1214	-178.808
  1215	-177.985
  1216	-177.278
  1217	-176.666
  1218	-176.116
  1219	-175.592
  1220	-175.066
  1221	-174.526
  1222	-173.983
  1223	-173.461
  1224	-172.992
  1225	-172.601
  1226	-172.305
  1227	-172.100
  1228	-171.971
  1229	-171.896
  1230	-171.856
  1231	-171.844
  1232	-171.867
  1233	-171.941
  1234	-172.086
  1235	-172.321
  1236	-172.659
  1237	-173.107
  1238	-173.659
  1239	-174.295
  1240	-174.984
  1241	-175.685
  1242	-176.360
  1243	-176.970
  1244	-177.487
  1245	-177.905
  1246	-178.229
  1247	-178.480
  1248	-178.680
  1249	-178.843
  1250	-178.971
  1251	-179.054
  1252	-179.078
  1253	-179.029
  1254	-178.909
  1255	-178.733
  1256	-178.531
  1257	-178.337
  1258	-178.184
  1259	-178.094
  1260	-178.081
  1261	-178.140
  1262	-178.257
  1263	-178.408
  1264	-178.568
  1265	-178.711
  1266	-178.818
  1267	-178.880
  1268	-178.899
  1269	-178.893
  1270	-178.891
  1271	-178.923
  1272	-179.015
  1273	-179.178
  1274	-179.410
  1275	-179.691
  1276	-179.995
  1277	179.694
  1278	179.376
  1279	179.029
  1280	178.616
  1281	178.099
  1282	177.449
  1283	176.664
  1284	175.771
  1285	174.822
  1286	173.879
  1287	173.004
  1288	172.241
  1289	171.618
  1290	171.143
  1291	170.812
  1292	170.615
  1293	170.542
  1294	170.584
  1295	170.731
  1296	170.975
  1297	171.308
  1298	171.720
  1299	172.203
  1300	172.742
  1301	173.317
  1302	173.893
  1303	174.426
  1304	174.872
  1305	175.192
  1306	175.370
  1307	175.415
  1308	175.364
  1309	175.274
  1310	175.206
  1311	175.214
  1312	175.333
  1313	175.567
  1314	175.890
  1315	176.255
  1316	176.609
  1317	176.906
  1318	177.115
  1319	177.231
  1320	177.261
  1321	177.224
  1322	177.135
  1323	177.004
  1324	176.827
  1325	176.596
  1326	176.294
  1327	175.907
  1328	175.427
  1329	174.860
  1330	174.227
  1331	173.564
  1332	172.918
  1333	172.334
  1334	171.853
  1335	171.496
  1336	171.268
  1337	171.154
  1338	171.128
  1339	171.164
  1340	171.237
  1341	171.338
  1342	171.469
  1343	171.639
  1344	171.862
  1345	172.146
  1346	172.491
  1347	172.886
  1348	173.310
  1349	173.738
  1350	174.142
  1351	174.507
  1352	174.829
  1353	175.120
  1354	175.403
  1355	175.709
  1356	176.068
  1357	176.497
  1358	176.993
  1359	177.533
  1360	178.077
  1361	178.576
  1362	178.987
  1363	179.284
  1364	179.465
  1365	179.554
  1366	179.589
  1367	179.611
  1368	179.646
  1369	179.698
  1370	179.748
  1371	179.758
  1372	179.685
  1373	179.491
  1374	179.157
  1375	178.687
  1376	178.107
  1377	177.457
  1378	176.780
  1379	176.115
  1380	175.482
  1381	174.885
  1382	174.314
  1383	173.753
  1384	173.190
  1385	172.622
  1386	172.063
  1387	171.543
  1388	171.099
  1389	170.770
  1390	170.587
  1391	170.565
  1392	170.699
  1393	170.964
  1394	171.323
  1395	171.731
  1396	172.152
  1397	172.560
  1398	172.953
  1399	173.345
  1400	173.759
  1401	174.224
  1402	174.753
  1403	175.344
  1404	175.974
  1405	176.607
  1406	177.198
  1407	177.714
  1408	178.135
  1409	178.464
  1410	178.721
  1411	178.934
  1412	179.133
  1413	179.337
  1414	179.549
  1415	179.757
  1416	179.929
  1417	-179.972
  1418	-179.983
  1419	179.866
  1420	179.564
  1421	179.119
  1422	178.560
  1423	177.932
  1424	177.285
  1425	176.669
  1426	176.116
  1427	175.635
  1428	175.217
  1429	174.842
  1430	174.487
  1431	174.136
  1432	173.789
  1433	173.459
  1434	173.169
  1435	172.946
  1436	172.810
  1437	172.768
  1438	172.811
  1439	172.916
  1440	173.051
  1441	173.187
  1442	173.306
  1443	173.404
  1444	173.494
  1445	173.601
  1446	173.752
  1447	173.968
  1448	174.256
  1449	174.609
  1450	175.005
  1451	175.415
  1452	175.807
  1453	176.155
  1454	176.441
  1455	176.662
  1456	176.827
  1457	176.957
  1458	177.073
  1459	177.198
  1460	177.341
  1461	177.500
  1462	177.660
  1463	177.797
  1464	177.890
  1465	177.928
  1466	177.912
  1467	177.864
  1468	177.813
  1469	177.791
  1470	177.820
  1471	177.905
  1472	178.028
  1473	178.158
  1474	178.255
  1475	178.285
  1476	178.224
  1477	178.065
  1478	177.808
  1479	177.461
  1480	177.033
  1481	176.534
  1482	175.971
  1483	175.357
  1484	174.710
  1485	174.059
  1486	173.436
  1487	172.875
  1488	172.409
  1489	172.066
  1490	171.875
  1491	171.865
  1492	172.061
  1493	172.480
  1494	173.127
  1495	173.986
  1496	175.023
  1497	176.189
  1498	177.428
  1499	178.689
  1500	179.928
  1501	-178.886
  1502	-177.773
  1503	-176.748
  1504	-175.824
  1505	-175.015
  1506	-174.335
  1507	-173.790
  1508	-173.384
  1509	-173.112
  1510	-172.968
  1511	-172.940
  1512	-173.010
  1513	-173.156
  1514	-173.352
  1515	-173.573
  1516	-173.801
  1517	-174.025
  1518	-174.250
  1519	-174.494
  1520	-174.783
  1521	-175.146
  1522	-175.607
  1523	-176.173
  1524	-176.838
  1525	-177.576
  1526	-178.350
  1527	-179.115
  1528	-179.830
  1529	179.539
  1530	179.012
  1531	178.599
  1532	178.301
  1533	178.114
  1534	178.032
  1535	178.050
  1536	178.170
  1537	178.398
  1538	178.746
  1539	179.221
  1540	179.826
  1541	-179.450
  1542	-178.633
  1543	-177.763
  1544	-176.881
  1545	-176.034
  1546	-175.258
  1547	-174.578
  1548	-174.008
  1549	-173.549
  1550	-173.210
  1551	-173.005
  1552	-172.959
  1553	-173.104
  1554	-173.465
  1555	-174.050
  1556	-174.848
  1557	-175.824
  1558	-176.932
  1559	-178.122
  1560	-179.343
  1561	179.451
  1562	178.299
  1563	177.237
  1564	176.295
  1565	175.498
  1566	174.864
  1567	174.404
  1568	174.122
  1569	174.019
  1570	174.094
  1571	174.345
  1572	174.766
  1573	175.343
  1574	176.048
  1575	176.840
  1576	177.668
  1577	178.480
  1578	179.230
  1579	179.888
  1580	-179.557
  1581	-179.097
  1582	-178.715
  1583	-178.386
  1584	-178.092
  1585	-177.822
  1586	-177.576
  1587	-177.360
  1588	-177.189
  1589	-177.077
  1590	-177.033
  1591	-177.058
  1592	-177.143
  1593	-177.268
  1594	-177.407
  1595	-177.533
  1596	-177.630
  1597	-177.693
  1598	-177.731
  1599	-177.766
  1600	-177.821
  1601	-177.921
  1602	-178.078
  1603	-178.295
  1604	-178.562
  1605	-178.861
  1606	-179.172
  1607	-179.476
  1608	-179.760
  1609	179.979
  1610	179.743
  1611	179.525
  1612	179.322
  1613	179.134
  1614	178.972
  1615	178.854
  1616	178.804
  1617	178.851
  1618	179.014
  1619	179.303
  1620	179.714
  1621	-179.776
  1622	-179.198
  1623	-178.587
  1624	-177.972
  1625	-177.374
  1626	-176.804
  1627	-176.264
  1628	-175.749
  1629	-175.254
  1630	-174.776
  1631	-174.317
  1632	-173.882
  1633	-173.478
  1634	-173.111
  1635	-172.780
  1636	-172.480
  1637	-172.198
  1638	-171.912
  1639	-171.598
  1640	-171.230
  1641	-170.794
  1642	-170.286
  1643	-169.722
  1644	-169.134
  1645	-168.566
  1646	-168.062
  1647	-167.664
  1648	-167.396
  1649	-167.273
  1650	-167.294
  1651	-167.453
  1652	-167.738
  1653	-168.141
  1654	-168.649
  1655	-169.255
  1656	-169.952
  1657	-170.726
  1658	-171.565
  1659	-172.448
  1660	-173.340
  1661	-174.199
  1662	-174.978
  1663	-175.629
  1664	-176.111
  1665	-176.397
  1666	-176.477
  1667	-176.355
  1668	-176.041
  1669	-175.552
  1670	-174.899
  1671	-174.097
  1672	-173.159
  1673	-172.113
  1674	-170.996
  1675	-169.857
  1676	-168.745
  1677	-167.711
  1678	-166.797
  1679	-166.036
  1680	-165.458
  1681	-165.083
  1682	-164.916
  1683	-164.952
  1684	-165.169
  1685	-165.537
  1686	-166.019
  1687	-166.584
  1688	-167.214
  1689	-167.905
  1690	-168.664
  1691	-169.504
  1692	-170.428
  1693	-171.422
  1694	-172.454
  1695	-173.471
  1696	-174.419
  1697	-175.254
  1698	-175.948
  1699	-176.492
  1700	-176.891
  1701	-177.158
  1702	-177.304
  1703	-177.342
  1704	-177.277
  1705	-177.113
  1706	-176.850
  1707	-176.486
  1708	-176.020
  1709	-175.447
  1710	-174.773
  1711	-174.008
  1712	-173.176
  1713	-172.313
  1714	-171.461
  1715	-170.664
  1716	-169.957
  1717	-169.355
  1718	-168.858
  1719	-168.452
  1720	-168.117
  1721	-167.838
  1722	-167.609
  1723	-167.432
  1724	-167.315
  1725	-167.266
  1726	-167.292
  1727	-167.393
  1728	-167.564
  1729	-167.794
  1730	-168.067
  1731	-168.368
  1732	-168.681
  1733	-168.995
  1734	-169.305
  1735	-169.611
  1736	-169.917
  1737	-170.230
  1738	-170.553
  1739	-170.881
  1740	-171.195
  1741	-171.471
  1742	-171.680
  1743	-171.798
  1744	-171.814
  1745	-171.733
  1746	-171.577
  1747	-171.381
  1748	-171.181
  1749	-171.008
  1750	-170.884
  1751	-170.820
  1752	-170.816
  1753	-170.867
  1754	-170.968
  1755	-171.115
  1756	-171.304
  1757	-171.536
  1758	-171.810
  1759	-172.121
  1760	-172.459
  1761	-172.804
  1762	-173.126
  1763	-173.389
  1764	-173.556
  1765	-173.594
  1766	-173.479
  1767	-173.203
  1768	-172.772
  1769	-172.209
  1770	-171.548
  1771	-170.829
  1772	-170.095
  1773	-169.377
  1774	-168.696
  1775	-168.057
  1776	-167.461
  1777	-166.905
  1778	-166.392
  1779	-165.935
  1780	-165.560
  1781	-165.296
  1782	-165.171
  1783	-165.197
  1784	-165.366
  1785	-165.647
  1786	-165.998
  1787	-166.377
  1788	-166.749
  1789	-167.094
  1790	-167.406
  1791	-167.688
  1792	-167.953
  1793	-168.214
  1794	-168.483
  1795	-168.771
  1796	-169.086
  1797	-169.427
  1798	-169.785
  1799	-170.145
  1800	-170.489
  1801	-170.802
  1802	-171.079
  1803	-171.323
  1804	-171.544
  1805	-171.755
  1806	-171.959
  1807	-172.147
  1808	-172.291
  1809	-172.352
  1810	-172.289
  1811	-172.072
  1812	-171.694
  1813	-171.171
  1814	-170.543
  1815	-169.859
  1816	-169.169
  1817	-168.522
  1818	-167.951
  1819	-167.477
  1820	-167.111
  1821	-166.852
  1822	-166.695
  1823	-166.631
  1824	-166.652
  1825	-166.753
  1826	-166.931
  1827	-167.195
  1828	-167.557
  1829	-168.029
  1830	-168.619
  1831	-169.319
  1832	-170.104
  1833	-170.933
  1834	-171.756
  1835	-172.526
  1836	-173.215
  1837	-173.824
  1838	-174.370
  1839	-174.882
  1840	-175.380
  1841	-175.872
  1842	-176.349
  1843	-176.792
  1844	-177.180
  1845	-177.497
  1846	-177.733
  1847	-177.888
  1848	-177.972
  1849	-177.997
  1850	-177.976
  1851	-177.920
  1852	-177.832
  1853	-177.712
  1854	-177.556
  1855	-177.359
  1856	-177.116
  1857	-176.827
  1858	-176.500
  1859	-176.150
  1860	-175.806
  1861	-175.505
  1862	-175.287
  1863	-175.188
  1864	-175.231
  1865	-175.416
  1866	-175.728
  1867	-176.135
  1868	-176.600
  1869	-177.092
  1870	-177.590
  1871	-178.086
  1872	-178.580
  1873	-179.079
  1874	-179.586
  1875	179.902
  1876	179.396
  1877	178.915
  1878	178.482
  1879	178.121
  1880	177.850
  1881	177.677
  1882	177.595
  1883	177.584
  1884	177.612
  1885	177.643
  1886	177.644
  1887	177.593
  1888	177.485
  1889	177.329
  1890	177.145
  1891	176.961
  1892	176.801
  1893	176.683
  1894	176.618
  1895	176.604
  1896	176.636
  1897	176.715
  1898	176.845
  1899	177.044
  1900	177.334
  1901	177.737
  1902	178.262
  1903	178.903
  1904	179.639
  1905	-179.565
  1906	-178.748
  1907	-177.951
  1908	-177.210
  1909	-176.553
  1910	-175.993
  1911	-175.536
  1912	-175.175
  1913	-174.899
  1914	-174.697
  1915	-174.557
  1916	-174.472
  1917	-174.441
  1918	-174.467
  1919	-174.558
  1920	-174.719
  1921	-174.946
  1922	-175.224
  1923	-175.524
  1924	-175.817
  1925	-176.076
  1926	-176.294
  1927	-176.483
  1928	-176.675
  1929	-176.915
  1930	-177.248
  1931	-177.708
  1932	-178.311
  1933	-179.046
  1934	-179.884
  1935	179.212
  1936	178.274
  1937	177.331
  1938	176.406
  1939	175.515
  1940	174.678
  1941	173.918
  1942	173.265
  1943	172.743
  1944	172.372
  1945	172.168
  1946	172.143
  1947	172.308
  1948	172.670
  1949	173.227
  1950	173.960
  1951	174.828
  1952	175.771
  1953	176.720
  1954	177.610
  1955	178.396
  1956	179.051
  1957	179.574
  1958	179.969
  1959	-179.756
  1960	-179.600
  1961	-179.576
  1962	-179.703
  1963	179.998
  1964	179.515
  1965	178.848
  1966	178.013
  1967	177.036
  1968	175.951
  1969	174.796
  1970	173.614
  1971	172.448
  1972	171.343
  1973	170.337
  1974	169.452
  1975	168.688
  1976	168.029
  1977	167.453
  1978	166.941
  1979	166.483
  1980	166.087
  1981	165.768
  1982	165.541
  1983	165.410
  1984	165.365
  1985	165.384
  1986	165.438
  1987	165.509
  1988	165.589
  1989	165.690
  1990	165.836
  1991	166.061
  1992	166.399
  1993	166.875
  1994	167.501
  1995	168.280
  1996	169.204
  1997	170.254
  1998	171.407
  1999	172.627
  2000	173.870
  2001	175.084
