1 -52.273 178.969
2 -52.705 178.308
3 -53.790 177.753
4 -55.503 177.316
5 -57.757 176.999
6 -60.451 176.792
7 -63.507 176.676
8 -66.880 176.625
9 -70.530 176.611
10 -74.397 176.605
11 -78.349 176.584
12 -82.182 176.525
13 -85.671 176.407
14 -88.645 176.214
15 -91.038 175.928
16 -92.862 175.541
17 -94.162 175.048
18 -94.981 174.455
19 -95.339 173.771
20 -95.238 173.016
21 -94.680 172.212
22 -93.696 171.388
23 -92.356 170.576
24 -90.748 169.809
25 -88.950 169.122
26 -86.997 168.551
27 -84.886 168.123
28 -82.589 167.859
29 -80.082 167.767
30 -77.383 167.853
31 -74.579 168.115
32 -71.832 168.551
33 -69.328 169.158
34 -67.209 169.921
35 -65.536 170.819
36 -64.297 171.812
37 -63.443 172.854
38 -62.926 173.895
39 -62.720 174.896
40 -62.821 175.835
41 -63.227 176.703
42 -63.910 177.506
43 -64.800 178.254
44 -65.787 178.958
45 -66.741 179.623
46 -67.541 -179.752
47 -68.103 -179.169
48 -68.402 -178.633
49 -68.473 -178.154
50 -68.395 -177.742
51 -68.251 -177.415
52 -68.085 -177.198
53 -67.884 -177.121
54 -67.601 -177.217
55 -67.191 -177.515
56 -66.636 -178.028
57 -65.955 -178.755
58 -65.192 -179.672
59 -64.410 179.258
60 -63.679 178.079
61 -63.073 176.842
62 -62.659 175.604
63 -62.487 174.425
64 -62.575 173.378
65 -62.914 172.529
66 -63.488 171.932
67 -64.285 171.623
68 -65.297 171.612
69 -66.504 171.889
70 -67.861 172.429
71 -69.288 173.200
72 -70.683 174.166
73 -71.951 175.289
74 -73.011 176.527
75 -73.810 177.836
76 -74.310 179.170
77 -74.488 -179.512
78 -74.334 -178.245
79 -73.855 -177.056
80 -73.070 -175.960
81 -72.014 -174.967
82 -70.736 -174.086
83 -69.288 -173.328
84 -67.715 -172.709
85 -66.045 -172.248
86 -64.301 -171.964
87 -62.518 -171.878
88 -60.758 -172.006
89 -59.117 -172.362
90 -57.726 -172.960
91 -56.711 -173.813
92 -56.146 -174.929
93 -56.017 -176.308
94 -56.249 -177.929
95 -56.732 -179.749
96 -57.375 178.298
97 -58.116 176.287
98 -58.937 174.289
99 -59.853 172.355
100 -60.883 170.521
101 -62.025 168.811
102 -63.239 167.244
103 -64.452 165.840
104 -65.572 164.619
105 -66.515 163.604
106 -67.213 162.811
107 -67.626 162.249
108 -67.741 161.917
109 -67.574 161.808
110 -67.166 161.910
111 -66.581 162.213
112 -65.894 162.711
113 -65.161 163.401
114 -64.407 164.279
115 -63.618 165.336
116 -62.774 166.551
117 -61.871 167.888
118 -60.942 169.295
119 -60.060 170.718
120 -59.328 172.107
121 -58.845 173.418
122 -58.663 174.617
123 -58.769 175.677
124 -59.106 176.574
125 -59.610 177.291
126 -60.251 177.824
127 -61.046 178.177
128 -62.050 178.365
129 -63.326 178.407
130 -64.882 178.323
131 -66.637 178.130
132 -68.429 177.840
133 -70.083 177.458
134 -71.476 176.990
135 -72.569 176.444
136 -73.389 175.826
137 -73.995 175.145
138 -74.450 174.410
139 -74.791 173.628
140 -75.009 172.806
141 -75.066 171.958
142 -74.928 171.111
143 -74.595 170.307
144 -74.092 169.603
145 -73.455 169.058
146 -72.705 168.718
147 -71.853 168.611
148 -70.905 168.744
149 -69.872 169.115
150 -68.796 169.721
151 -67.743 170.559
152 -66.789 171.626
153 -65.978 172.916
154 -65.303 174.409
155 -64.723 176.069
156 -64.179 177.843
157 -63.629 179.666
158 -63.055 -178.528
159 -62.469 -176.795
160 -61.913 -175.182
161 -61.437 -173.726
162 -61.081 -172.461
163 -60.853 -171.419
164 -60.719 -170.636
165 -60.625 -170.138
166 -60.526 -169.943
167 -60.412 -170.048
168 -60.318 -170.432
169 -60.311 -171.060
170 -60.471 -171.893
171 -60.853 -172.887
172 -61.460 -174.003
173 -62.239 -175.201
174 -63.100 -176.445
175 -63.957 -177.696
176 -64.754 -178.923
177 -65.481 179.898
178 -66.177 178.781
179 -66.909 177.729
180 -67.738 176.740
181 -68.683 175.807
182 -69.708 174.921
183 -70.741 174.081
184 -71.711 173.286
185 -72.575 172.542
186 -73.335 171.861
187 -74.034 171.254
188 -74.740 170.733
189 -75.520 170.315
190 -76.404 170.019
191 -77.366 169.872
192 -78.342 169.905
193 -79.259 170.143
194 -80.060 170.597
195 -80.714 171.253
196 -81.199 172.074
197 -81.491 173.011
198 -81.568 174.013
199 -81.419 175.040
200 -81.063 176.061
201 -80.550 177.047
202 -79.950 177.966
203 -79.315 178.783
204 -78.671 179.452
205 -78.014 179.931
206 -77.333 -179.811
207 -76.624 -179.781
208 -75.911 -179.965
209 -75.251 179.667
210 -74.721 179.152
211 -74.397 178.524
212 -74.317 177.812
213 -74.485 177.037
214 -74.883 176.221
215 -75.505 175.387
216 -76.365 174.564
217 -77.490 173.778
218 -78.899 173.049
219 -80.553 172.382
220 -82.337 171.766
221 -84.074 171.185
222 -85.600 170.616
223 -86.819 170.048
224 -87.711 169.478
225 -88.305 168.911
226 -88.643 168.361
227 -88.754 167.842
228 -88.645 167.369
229 -88.310 166.951
230 -87.745 166.596
231 -86.972 166.308
232 -86.034 166.089
233 -84.983 165.942
234 -83.860 165.871
235 -82.695 165.879
236 -81.520 165.965
237 -80.368 166.128
238 -79.284 166.365
239 -78.328 166.670
240 -77.569 167.035
241 -77.072 167.452
242 -76.871 167.908
243 -76.957 168.385
244 -77.294 168.859
245 -77.846 169.300
246 -78.597 169.686
247 -79.549 170.003
248 -80.716 170.257
249 -82.090 170.464
250 -83.614 170.651
251 -85.177 170.844
252 -86.645 171.065
253 -87.909 171.328
254 -88.893 171.645
255 -89.548 172.020
256 -89.848 172.459
257 -89.784 172.966
258 -89.376 173.544
259 -88.663 174.191
260 -87.709 174.895
261 -86.592 175.633
262 -85.385 176.373
263 -84.130 177.077
264 -82.833 177.704
265 -81.484 178.214
266 -80.069 178.571
267 -78.595 178.744
268 -77.089 178.710
269 -75.602 178.453
270 -74.203 177.966
271 -72.974 177.253
272 -71.985 176.334
273 -71.279 175.247
274 -70.872 174.049
275 -70.771 172.808
276 -70.981 171.594
277 -71.512 170.471
278 -72.368 169.483
279 -73.513 168.662
280 -74.851 168.032
281 -76.239 167.615
282 -77.547 167.433
283 -78.695 167.505
284 -79.652 167.836
285 -80.416 168.416
286 -80.993 169.211
287 -81.383 170.171
288 -81.577 171.238
289 -81.560 172.360
290 -81.316 173.493
291 -80.842 174.604
292 -80.159 175.671
293 -79.292 176.675
294 -78.264 177.600
295 -77.086 178.430
296 -75.760 179.152
297 -74.288 179.758
298 -72.689 -179.751
299 -71.040 -179.370
300 -69.484 -179.087
301 -68.196 -178.888
302 -67.299 -178.764
303 -66.816 -178.704
304 -66.704 -178.705
305 -66.910 -178.756
306 -67.405 -178.847
307 -68.189 -178.962
308 -69.264 -179.088
309 -70.610 -179.218
310 -72.159 -179.355
311 -73.809 -179.510
312 -75.446 -179.701
313 -76.975 -179.945
314 -78.332 179.747
315 -79.493 179.373
316 -80.468 178.943
317 -81.289 178.472
318 -81.984 177.981
319 -82.552 177.495
320 -82.958 177.037
321 -83.151 176.635
322 -83.085 176.318
323 -82.730 176.120
324 -82.073 176.073
325 -81.113 176.203
326 -79.867 176.527
327 -78.385 177.042
328 -76.751 177.732
329 -75.088 178.569
330 -73.543 179.512
331 -72.244 -179.486
332 -71.241 -178.482
333 -70.506 -177.526
334 -69.959 -176.664
335 -69.521 -175.928
336 -69.152 -175.334
337 -68.874 -174.885
338 -68.762 -174.575
339 -68.908 -174.397
340 -69.365 -174.349
341 -70.109 -174.430
342 -71.044 -174.645
343 -72.032 -175.003
344 -72.937 -175.504
345 -73.659 -176.149
346 -74.139 -176.926
347 -74.359 -177.821
348 -74.329 -178.814
349 -74.083 -179.887
350 -73.665 178.981
351 -73.123 177.814
352 -72.478 176.648
353 -71.709 175.529
354 -70.763 174.513
355 -69.583 173.654
356 -68.134 172.989
357 -66.423 172.536
358 -64.525 172.298
359 -62.583 172.271
360 -60.788 172.451
361 -59.302 172.839
362 -58.185 173.431
363 -57.390 174.219
364 -56.817 175.179
365 -56.387 176.265
366 -56.079 177.419
367 -55.939 178.584
368 -56.067 179.709
369 -56.563 -179.239
370 -57.455 -178.281
371 -58.667 -177.426
372 -60.047 -176.684
373 -61.422 -176.067
374 -62.666 -175.592
375 -63.736 -175.268
376 -64.685 -175.093
377 -65.639 -175.051
378 -66.742 -175.113
379 -68.069 -175.246
380 -69.573 -175.421
381 -71.103 -175.615
382 -72.487 -175.817
383 -73.602 -176.027
384 -74.404 -176.250
385 -74.916 -176.493
386 -75.198 -176.763
387 -75.320 -177.064
388 -75.333 -177.393
389 -75.262 -177.740
390 -75.112 -178.088
391 -74.875 -178.406
392 -74.527 -178.657
393 -74.029 -178.801
394 -73.344 -178.806
395 -72.457 -178.657
396 -71.385 -178.354
397 -70.181 -177.911
398 -68.926 -177.349
399 -67.725 -176.689
400 -66.670 -175.947
401 -65.798 -175.136
402 -65.055 -174.265
403 -64.312 -173.346
404 -63.422 -172.400
405 -62.288 -171.459
406 -60.890 -170.563
407 -59.292 -169.763
408 -57.619 -169.111
409 -56.021 -168.662
410 -54.620 -168.464
411 -53.466 -168.558
412 -52.507 -168.965
413 -51.624 -169.681
414 -50.693 -170.669
415 -49.646 -171.871
416 -48.500 -173.221
417 -47.362 -174.662
418 -46.398 -176.149
419 -45.786 -177.649
420 -45.640 -179.132
421 -45.968 179.430
422 -46.667 178.072
423 -47.576 176.832
424 -48.556 175.742
425 -49.540 174.835
426 -50.570 174.137
427 -51.783 173.672
428 -53.343 173.461
429 -55.345 173.530
430 -57.738 173.897
431 -60.340 174.572
432 -62.907 175.542
433 -65.216 176.762
434 -67.106 178.149
435 -68.500 179.604
436 -69.400 -178.969
437 -69.875 -177.633
438 -70.031 -176.416
439 -69.970 -175.327
440 -69.749 -174.369
441 -69.367 -173.548
442 -68.760 -172.882
443 -67.828 -172.387
444 -66.474 -172.074
445 -64.652 -171.944
446 -62.391 -171.980
447 -59.809 -172.157
448 -57.096 -172.449
449 -54.470 -172.836
450 -52.110 -173.309
451 -50.105 -173.866
452 -48.441 -174.503
453 -47.042 -175.210
454 -45.829 -175.956
455 -44.778 -176.697
456 -43.925 -177.383
457 -43.366 -177.976
458 -43.210 -178.460
459 -43.518 -178.836
460 -44.258 -179.115
461 -45.310 -179.305
462 -46.516 -179.407
463 -47.742 -179.418
464 -48.910 -179.324
465 -50.009 -179.117
466 -51.085 -178.791
467 -52.213 -178.350
468 -53.456 -177.801
469 -54.819 -177.150
470 -56.231 -176.400
471 -57.566 -175.553
472 -58.692 -174.615
473 -59.519 -173.601
474 -60.028 -172.544
475 -60.271 -171.496
476 -60.349 -170.521
477 -60.372 -169.679
478 -60.425 -169.018
479 -60.545 -168.564
480 -60.715 -168.326
481 -60.879 -168.300
482 -60.959 -168.475
483 -60.890 -168.837
484 -60.639 -169.378
485 -60.219 -170.088
486 -59.693 -170.962
487 -59.159 -171.993
488 -58.729 -173.171
489 -58.501 -174.484
490 -58.521 -175.909
491 -58.753 -177.414
492 -59.087 -178.957
493 -59.382 179.521
494 -59.514 178.080
495 -59.430 176.778
496 -59.161 175.652
497 -58.806 174.717
498 -58.497 173.973
499 -58.336 173.414
500 -58.343 173.030
501 -58.450 172.810
502 -58.525 172.749
503 -58.439 172.840
504 -58.113 173.074
505 -57.554 173.441
506 -56.850 173.923
507 -56.135 174.502
508 -55.548 175.161
509 -55.185 175.885
510 -55.080 176.662
511 -55.207 177.476
512 -55.504 178.308
513 -55.900 179.126
514 -56.340 179.888
515 -56.805 -179.451
516 -57.309 -178.928
517 -57.893 -178.559
518 -58.595 -178.339
519 -59.419 -178.250
520 -60.334 -178.269
521 -61.279 -178.374
522 -62.185 -178.549
523 -62.983 -178.781
524 -63.615 -179.056
525 -64.045 -179.363
526 -64.268 -179.691
527 -64.309 179.972
528 -64.212 179.635
529 -64.016 179.308
530 -63.744 179.001
531 -63.400 178.725
532 -62.980 178.490
533 -62.481 178.307
534 -61.916 178.187
535 -61.316 178.139
536 -60.731 178.165
537 -60.233 178.263
538 -59.891 178.425
539 -59.754 178.636
540 -59.829 178.882
541 -60.090 179.149
542 -60.496 179.428
543 -61.027 179.711
544 -61.689 179.992
545 -62.512 -179.736
546 -63.537 -179.486
547 -64.792 -179.274
548 -66.265 -179.117
549 -67.890 -179.033
550 -69.560 -179.036
551 -71.154 -179.138
552 -72.574 -179.342
553 -73.754 -179.645
554 -74.668 179.961
555 -75.318 179.487
556 -75.722 178.946
557 -75.894 178.351
558 -75.845 177.714
559 -75.587 177.045
560 -75.131 176.355
561 -74.480 175.654
562 -73.626 174.956
563 -72.561 174.276
564 -71.297 173.634
565 -69.865 173.044
566 -68.328 172.520
567 -66.776 172.068
568 -65.323 171.700
569 -64.083 171.426
570 -63.141 171.261
571 -62.518 171.221
572 -62.179 171.320
573 -62.060 171.563
574 -62.107 171.940
575 -62.304 172.415
576 -62.672 172.938
577 -63.257 173.458
578 -64.091 173.942
579 -65.162 174.377
580 -66.406 174.764
581 -67.721 175.109
582 -69.000 175.415
583 -70.155 175.684
584 -71.133 175.914
585 -71.924 176.105
586 -72.559 176.261
587 -73.082 176.389
588 -73.529 176.497
589 -73.911 176.588
590 -74.215 176.658
591 -74.421 176.691
592 -74.497 176.664
593 -74.409 176.544
594 -74.113 176.301
595 -73.567 175.919
596 -72.742 175.411
597 -71.642 174.818
598 -70.320 174.197
599 -68.882 173.598
600 -67.442 173.051
601 -66.084 172.571
602 -64.841 172.163
603 -63.697 171.830
604 -62.612 171.576
605 -61.556 171.407
606 -60.530 171.331
607 -59.578 171.356
608 -58.774 171.489
609 -58.193 171.736
610 -57.875 172.106
611 -57.814 172.609
612 -57.980 173.260
613 -58.344 174.070
614 -58.909 175.046
615 -59.710 176.179
616 -60.805 177.441
617 -62.235 178.773
618 -63.994 -179.901
619 -66.010 -178.656
620 -68.164 -177.564
621 -70.340 -176.675
622 -72.469 -176.020
623 -74.536 -175.609
624 -76.553 -175.442
625 -78.534 -175.508
626 -80.459 -175.788
627 -82.264 -176.260
628 -83.857 -176.902
629 -85.147 -177.693
630 -86.072 -178.615
631 -86.611 -179.649
632 -86.769 179.223
633 -86.553 178.028
634 -85.968 176.798
635 -85.009 175.577
636 -83.676 174.413
637 -81.991 173.353
638 -80.012 172.441
639 -77.837 171.718
640 -75.557 171.210
641 -73.222 170.932
642 -70.838 170.893
643 -68.377 171.089
644 -65.821 171.499
645 -63.198 172.087
646 -60.587 172.800
647 -58.126 173.581
648 -55.964 174.387
649 -54.229 175.187
650 -52.994 175.967
651 -52.270 176.720
652 -52.026 177.444
653 -52.231 178.135
654 -52.884 178.781
655 -54.026 179.363
656 -55.725 179.858
657 -58.035 -179.752
658 -60.947 -179.476
659 -64.365 -179.311
660 -68.109 -179.252
661 -71.977 -179.293
662 -75.792 -179.439
663 -79.430 -179.696
664 -82.813 179.928
665 -85.900 179.434
666 -88.663 178.840
667 -91.068 178.172
668 -93.073 177.459
669 -94.641 176.719
670 -95.751 175.959
671 -96.396 175.172
672 -96.576 174.350
673 -96.281 173.483
674 -95.492 172.563
675 -94.178 171.602
676 -92.326 170.627
677 -89.963 169.675
678 -87.175 168.784
679 -84.100 167.985
680 -80.904 167.306
681 -77.745 166.770
682 -74.729 166.398
683 -71.922 166.212
684 -69.365 166.233
685 -67.089 166.471
686 -65.142 166.921
687 -63.584 167.553
688 -62.477 168.321
689 -61.860 169.179
690 -61.741 170.089
691 -62.099 171.024
692 -62.903 171.969
693 -64.127 172.907
694 -65.753 173.817
695 -67.765 174.670
696 -70.131 175.424
697 -72.780 176.041
698 -75.595 176.498
699 -78.428 176.792
700 -81.128 176.937
701 -83.575 176.958
702 -85.693 176.883
703 -87.434 176.737
704 -88.766 176.538
705 -89.668 176.304
706 -90.125 176.054
707 -90.140 175.817
708 -89.735 175.620
709 -88.952 175.485
710 -87.837 175.420
711 -86.428 175.423
712 -84.746 175.483
713 -82.805 175.594
714 -80.617 175.750
715 -78.204 175.955
716 -75.613 176.217
717 -72.922 176.545
718 -70.233 176.942
719 -67.655 177.406
720 -65.285 177.927
721 -63.195 178.498
722 -61.431 179.116
723 -60.024 179.778
724 -59.005 -179.519
725 -58.405 -178.797
726 -58.249 -178.098
727 -58.539 -177.478
728 -59.246 -176.989
729 -60.307 -176.666
730 -61.633 -176.516
731 -63.129 -176.529
732 -64.713 -176.685
733 -66.319 -176.966
734 -67.909 -177.353
735 -69.473 -177.834
736 -71.012 -178.398
737 -72.529 -179.035
738 -74.016 -179.733
739 -75.440 179.522
740 -76.753 178.741
741 -77.896 177.929
742 -78.806 177.087
743 -79.419 176.221
744 -79.686 175.345
745 -79.585 174.486
746 -79.122 173.687
747 -78.335 173.001
748 -77.284 172.474
749 -76.028 172.135
750 -74.609 171.996
751 -73.036 172.051
752 -71.295 172.285
753 -69.354 172.680
754 -67.190 173.212
755 -64.809 173.854
756 -62.253 174.575
757 -59.602 175.344
758 -56.951 176.136
759 -54.392 176.933
760 -51.993 177.724
761 -49.802 178.499
762 -47.849 179.245
763 -46.167 179.947
764 -44.803 -179.417
765 -43.820 -178.874
766 -43.290 -178.448
767 -43.279 -178.158
768 -43.826 -178.014
769 -44.936 -178.022
770 -46.580 -178.180
771 -48.709 -178.484
772 -51.272 -178.924
773 -54.225 -179.485
774 -57.534 179.857
775 -61.163 179.136
776 -65.054 178.391
777 -69.123 177.663
778 -73.246 176.989
779 -77.269 176.396
780 -81.055 175.905
781 -84.491 175.532
782 -87.505 175.293
783 -90.039 175.211
784 -92.038 175.304
785 -93.442 175.586
786 -94.185 176.052
787 -94.213 176.679
788 -93.501 177.435
789 -92.067 178.286
790 -89.977 179.209
791 -87.316 -179.812
792 -84.175 -178.790
793 -80.629 -177.738
794 -76.741 -176.674
795 -72.568 -175.624
796 -68.177 -174.615
797 -63.653 -173.672
798 -59.120 -172.816
799 -54.732 -172.057
800 -50.632 -171.409
801 -46.937 -170.891
802 -43.734 -170.544
803 -41.089 -170.430
804 -39.062 -170.625
805 -37.722 -171.202
806 -37.148 -172.190
807 -37.415 -173.549
808 -38.573 -175.154
809 -40.608 -176.846
810 -43.431 -178.491
811 -46.884 179.993
812 -50.769 178.639
813 -54.884 177.457
814 -59.055 176.448
815 -63.150 175.618
816 -67.070 174.983
817 -70.734 174.565
818 -74.071 174.379
819 -77.013 174.428
820 -79.501 174.693
821 -81.492 175.151
822 -82.954 175.780
823 -83.874 176.568
824 -84.245 177.517
825 -84.060 178.631
826 -83.303 179.900
827 -81.958 -178.721
828 -80.007 -177.319
829 -77.453 -176.009
830 -74.331 -174.889
831 -70.718 -174.014
832 -66.738 -173.388
833 -62.559 -172.982
834 -58.383 -172.761
835 -54.429 -172.699
836 -50.902 -172.782
837 -47.960 -173.010
838 -45.688 -173.387
839 -44.098 -173.916
840 -43.148 -174.590
841 -42.764 -175.392
842 -42.874 -176.302
843 -43.421 -177.300
844 -44.369 -178.370
845 -45.700 -179.505
846 -47.393 179.305
847 -49.416 178.078
848 -51.719 176.847
849 -54.248 175.666
850 -56.964 174.604
851 -59.851 173.725
852 -62.915 173.082
853 -66.160 172.701
854 -69.552 172.583
855 -72.998 172.717
856 -76.336 173.079
857 -79.374 173.649
858 -81.948 174.404
859 -83.967 175.324
860 -85.412 176.388
861 -86.322 177.571
862 -86.752 178.843
863 -86.751 -179.831
864 -86.345 -178.486
865 -85.541 -177.158
866 -84.343 -175.878
867 -82.759 -174.679
868 -80.820 -173.600
869 -78.569 -172.685
870 -76.047 -171.986
871 -73.279 -171.557
872 -70.278 -171.440
873 -67.063 -171.657
874 -63.678 -172.204
875 -60.202 -173.048
876 -56.762 -174.142
877 -53.522 -175.429
878 -50.631 -176.866
879 -48.180 -178.421
880 -46.194 179.929
881 -44.644 178.203
882 -43.469 176.418
883 -42.629 174.609
884 -42.116 172.822
885 -41.961 171.111
886 -42.212 169.531
887 -42.915 168.137
888 -44.082 166.971
889 -45.682 166.061
890 -47.651 165.431
891 -49.909 165.096
892 -52.400 165.071
893 -55.095 165.366
894 -57.987 165.982
895 -61.071 166.905
896 -64.302 168.096
897 -67.576 169.496
898 -70.723 171.029
899 -73.562 172.615
900 -75.965 174.186
901 -77.866 175.689
902 -79.248 177.082
903 -80.126 178.333
904 -80.525 179.420
905 -80.463 -179.679
906 -79.951 -178.979
907 -78.996 -178.492
908 -77.611 -178.216
909 -75.823 -178.142
910 -73.664 -178.255
911 -71.158 -178.537
912 -68.315 -178.973
913 -65.145 -179.551
914 -61.685 179.740
915 -58.030 178.919
916 -54.351 178.015
917 -50.882 177.075
918 -47.858 176.160
919 -45.455 175.334
920 -43.748 174.652
921 -42.730 174.142
922 -42.364 173.814
923 -42.614 173.650
924 -43.465 173.622
925 -44.916 173.695
926 -46.956 173.836
927 -49.531 174.024
928 -52.537 174.244
929 -55.839 174.493
930 -59.308 174.777
931 -62.857 175.102
932 -66.442 175.475
933 -70.035 175.902
934 -73.589 176.382
935 -77.020 176.911
936 -80.191 177.478
937 -82.942 178.064
938 -85.129 178.640
939 -86.667 179.175
940 -87.547 179.641
941 -87.804 -179.982
942 -87.484 -179.703
943 -86.614 -179.519
944 -85.203 -179.422
945 -83.252 -179.406
946 -80.779 -179.471
947 -77.845 -179.627
948 -74.552 -179.894
949 -71.013 179.706
950 -67.318 179.151
951 -63.513 178.427
952 -59.620 177.536
953 -55.663 176.490
954 -51.703 175.317
955 -47.870 174.060
956 -44.359 172.769
957 -41.400 171.501
958 -39.198 170.317
959 -37.867 169.271
960 -37.413 168.406
961 -37.767 167.752
962 -38.829 167.324
963 -40.513 167.125
964 -42.754 167.150
965 -45.496 167.395
966 -48.668 167.855
967 -52.153 168.515
968 -55.801 169.355
969 -59.450 170.339
970 -62.961 171.415
971 -66.253 172.520
972 -69.314 173.584
973 -72.189 174.542
974 -74.949 175.334
975 -77.655 175.915
976 -80.317 176.249
977 -82.895 176.312
978 -85.304 176.091
979 -87.454 175.590
980 -89.272 174.824
981 -90.708 173.827
982 -91.728 172.645
983 -92.306 171.331
984 -92.429 169.938
985 -92.105 168.518
986 -91.382 167.123
987 -90.346 165.805
988 -89.104 164.619
989 -87.752 163.618
990 -86.348 162.846
991 -84.902 162.336
992 -83.386 162.101
993 -81.754 162.135
994 -79.967 162.417
995 -78.019 162.921
996 -75.945 163.618
997 -73.805 164.488
998 -71.672 165.505
999 -69.602 166.639
1000 -67.624 167.856
1001 -65.755 169.112
1002 -64.020 170.366
1003 -62.469 171.578
1004 -61.184 172.720
1005 -60.266 173.775
1006 -59.805 174.739
1007 -59.852 175.615
1008 -60.396 176.412
1009 -61.384 177.137
1010 -62.754 177.795
1011 -64.468 178.387
1012 -66.522 178.911
1013 -68.930 179.357
1014 -71.693 179.713
1015 -74.772 179.964
1016 -78.062 -179.903
1017 -81.396 -179.894
1018 -84.593 179.997
1019 -87.516 179.788
1020 -90.089 179.505
1021 -92.284 179.179
1022 -94.097 178.840
1023 -95.511 178.511
1024 -96.484 178.210
1025 -96.945 177.951
1026 -96.829 177.743
1027 -96.104 177.592
1028 -94.796 177.504
1029 -92.976 177.487
1030 -90.729 177.555
1031 -88.133 177.727
1032 -85.251 178.023
1033 -82.155 178.468
1034 -78.934 179.075
1035 -75.698 179.845
1036 -72.582 -179.240
1037 -69.724 -178.229
1038 -67.240 -177.194
1039 -65.195 -176.227
1040 -63.608 -175.416
1041 -62.477 -174.828
1042 -61.810 -174.490
1043 -61.644 -174.397
1044 -62.045 -174.523
1045 -63.086 -174.841
1046 -64.812 -175.329
1047 -67.196 -175.973
1048 -70.133 -176.761
1049 -73.457 -177.677
1050 -76.988 -178.695
1051 -80.565 -179.778
1052 -84.066 179.116
1053 -87.391 178.028
1054 -90.453 176.990
1055 -93.156 176.025
1056 -95.403 175.154
1057 -97.112 174.396
1058 -98.243 173.769
1059 -98.805 173.296
1060 -98.826 173.001
1061 -98.331 172.900
1062 -97.313 172.991
1063 -95.743 173.246
1064 -93.580 173.624
1065 -90.815 174.084
1066 -87.508 174.598
1067 -83.816 175.150
1068 -79.962 175.728
1069 -76.168 176.323
1070 -72.613 176.917
1071 -69.402 177.488
1072 -66.590 178.010
1073 -64.215 178.460
1074 -62.319 178.825
1075 -60.960 179.104
1076 -60.192 179.309
1077 -60.026 179.460
1078 -60.425 179.584
1079 -61.318 179.708
1080 -62.628 179.856
1081 -64.300 -179.955
1082 -66.312 -179.710
1083 -68.661 -179.403
1084 -71.336 -179.029
1085 -74.295 -178.590
1086 -77.448 -178.086
1087 -80.652 -177.522
1088 -83.753 -176.903
1089 -86.617 -176.238
1090 -89.153 -175.539
1091 -91.304 -174.825
1092 -93.025 -174.117
1093 -94.259 -173.444
1094 -94.944 -172.837
1095 -95.032 -172.331
1096 -94.515 -171.954
1097 -93.430 -171.731
1098 -91.837 -171.676
1099 -89.791 -171.795
1100 -87.321 -172.077
1101 -84.432 -172.499
1102 -81.122 -173.030
1103 -77.420 -173.632
1104 -73.406 -174.270
1105 -69.218 -174.914
1106 -65.037 -175.540
1107 -61.031 -176.129
1108 -57.319 -176.661
1109 -53.946 -177.112
1110 -50.902 -177.463
1111 -48.174 -177.696
1112 -45.787 -177.804
1113 -43.818 -177.791
1114 -42.373 -177.668
1115 -41.564 -177.449
1116 -41.453 -177.148
1117 -42.020 -176.779
1118 -43.174 -176.355
1119 -44.785 -175.897
1120 -46.743 -175.435
1121 -48.986 -175.008
1122 -51.519 -174.659
1123 -54.391 -174.416
1124 -57.645 -174.290
1125 -61.276 -174.271
1126 -65.195 -174.344
1127 -69.245 -174.496
1128 -73.241 -174.724
1129 -77.027 -175.039
1130 -80.512 -175.453
1131 -83.667 -175.976
1132 -86.486 -176.601
1133 -88.979 -177.310
1134 -91.144 -178.074
1135 -92.951 -178.868
1136 -94.358 -179.677
1137 -95.334 179.501
1138 -95.871 178.654
1139 -95.977 177.771
1140 -95.655 176.848
1141 -94.895 175.894
1142 -93.664 174.935
1143 -91.927 174.005
1144 -89.665 173.142
1145 -86.903 172.383
1146 -83.719 171.763
1147 -80.230 171.320
1148 -76.564 171.091
1149 -72.823 171.109
1150 -69.068 171.394
1151 -65.337 171.952
1152 -61.676 172.765
1153 -58.167 173.799
1154 -54.937 175.014
1155 -52.143 176.370
1156 -49.916 177.834
1157 -48.329 179.376
1158 -47.380 -179.036
1159 -47.027 -177.446
1160 -47.225 -175.917
1161 -47.956 -174.520
1162 -49.229 -173.330
1163 -51.069 -172.406
1164 -53.486 -171.783
1165 -56.437 -171.477
1166 -59.813 -171.489
1167 -63.451 -171.805
1168 -67.189 -172.397
1169 -70.911 -173.223
1170 -74.534 -174.227
1171 -78.004 -175.339
1172 -81.266 -176.486
1173 -84.245 -177.608
1174 -86.843 -178.666
1175 -88.947 -179.643
1176 -90.470 179.471
1177 -91.374 178.683
1178 -91.673 178.015
1179 -91.414 177.497
1180 -90.659 177.173
1181 -89.461 177.081
1182 -87.861 177.240
1183 -85.886 177.648
1184 -83.572 178.279
1185 -80.971 179.094
1186 -78.161 -179.950
1187 -75.238 -178.902
1188 -72.279 -177.807
1189 -69.328 -176.721
1190 -66.419 -175.707
1191 -63.589 -174.834
1192 -60.906 -174.158
1193 -58.479 -173.708
1194 -56.452 -173.484
1195 -54.961 -173.468
1196 -54.090 -173.637
1197 -53.841 -173.974
1198 -54.143 -174.472
1199 -54.891 -175.129
1200 -55.980 -175.938
1201 -57.337 -176.881
1202 -58.920 -177.921
1203 -60.708 -179.008
1204 -62.676 179.904
1205 -64.774 178.855
1206 -66.919 177.866
1207 -69.011 176.944
1208 -70.956 176.084
1209 -72.693 175.282
1210 -74.188 174.540
1211 -75.437 173.872
1212 -76.446 173.299
1213 -77.211 172.842
1214 -77.708 172.522
1215 -77.889 172.362
1216 -77.706 172.386
1217 -77.129 172.619
1218 -76.151 173.084
1219 -74.781 173.792
1220 -73.036 174.731
1221 -70.942 175.859
1222 -68.559 177.118
1223 -65.989 178.445
1224 -63.380 179.796
1225 -60.906 -178.863
1226 -58.710 -177.555
1227 -56.872 -176.310
1228 -55.398 -175.166
1229 -54.261 -174.174
1230 -53.436 -173.389
1231 -52.934 -172.859
1232 -52.804 -172.611
1233 -53.113 -172.653
1234 -53.913 -172.983
1235 -55.201 -173.590
1236 -56.913 -174.466
1237 -58.955 -175.598
1238 -61.244 -176.962
1239 -63.740 -178.510
1240 -66.457 179.828
1241 -69.428 178.148
1242 -72.675 176.542
1243 -76.143 175.085
1244 -79.669 173.828
1245 -83.024 172.790
1246 -85.978 171.977
1247 -88.379 171.401
1248 -90.182 171.081
1249 -91.419 171.040
1250 -92.142 171.292
1251 -92.386 171.830
1252 -92.152 172.618
1253 -91.419 173.601
1254 -90.180 174.716
1255 -88.466 175.913
1256 -86.347 177.152
1257 -83.900 178.404
1258 -81.164 179.647
1259 -78.131 -179.143
1260 -74.764 -177.993
1261 -71.025 -176.941
1262 -66.921 -176.018
1263 -62.535 -175.246
1264 -58.043 -174.637
1265 -53.673 -174.194
1266 -49.640 -173.922
1267 -46.067 -173.835
1268 -42.998 -173.949
1269 -40.435 -174.290
1270 -38.372 -174.874
1271 -36.837 -175.702
1272 -35.907 -176.746
1273 -35.682 -177.950
1274 -36.244 -179.250
1275 -37.603 179.409
1276 -39.681 178.065
1277 -42.348 176.743
1278 -45.474 175.463
1279 -48.973 174.248
1280 -52.816 173.124
1281 -57.008 172.117
1282 -61.538 171.245
1283 -66.323 170.515
1284 -71.180 169.920
1285 -75.849 169.450
1286 -80.090 169.094
1287 -83.767 168.846
1288 -86.865 168.698
1289 -89.450 168.648
1290 -91.594 168.685
1291 -93.343 168.797
1292 -94.688 168.968
1293 -95.576 169.192
1294 -95.948 169.473
1295 -95.778 169.824
1296 -95.094 170.263
1297 -93.969 170.799
1298 -92.465 171.431
1299 -90.609 172.139
1300 -88.379 172.887
1301 -85.720 173.639
1302 -82.586 174.362
1303 -78.991 175.038
1304 -75.053 175.658
1305 -70.976 176.215
1306 -66.977 176.698
1307 -63.209 177.087
1308 -59.729 177.362
1309 -56.524 177.502
1310 -53.571 177.498
1311 -50.881 177.357
1312 -48.524 177.102
1313 -46.621 176.759
1314 -45.297 176.360
1315 -44.631 175.941
1316 -44.622 175.539
1317 -45.197 175.197
1318 -46.259 174.956
1319 -47.730 174.846
1320 -49.574 174.886
1321 -51.797 175.076
1322 -54.423 175.401
1323 -57.442 175.840
1324 -60.765 176.370
1325 -64.234 176.975
1326 -67.661 177.640
1327 -70.901 178.354
1328 -73.888 179.102
1329 -76.641 179.864
1330 -79.221 -179.393
1331 -81.687 -178.710
1332 -84.053 -178.132
1333 -86.259 -177.704
1334 -88.189 -177.459
1335 -89.723 -177.420
1336 -90.790 -177.597
1337 -91.389 -177.987
1338 -91.559 -178.571
1339 -91.358 -179.317
1340 -90.838 179.817
1341 -90.044 178.878
1342 -89.016 177.906
1343 -87.809 176.929
1344 -86.494 175.961
1345 -85.156 175.006
1346 -83.872 174.067
1347 -82.691 173.146
1348 -81.640 172.254
1349 -80.731 171.415
1350 -79.969 170.654
1351 -79.356 169.998
1352 -78.900 169.464
1353 -78.603 169.062
1354 -78.467 168.799
1355 -78.483 168.676
1356 -78.641 168.697
1357 -78.934 168.865
1358 -79.357 169.180
1359 -79.909 169.638
1360 -80.582 170.221
1361 -81.356 170.905
1362 -82.185 171.662
1363 -83.006 172.474
1364 -83.753 173.334
1365 -84.378 174.235
1366 -84.866 175.167
1367 -85.219 176.105
1368 -85.447 177.012
1369 -85.546 177.843
1370 -85.496 178.542
1371 -85.266 179.065
1372 -84.835 179.394
1373 -84.204 179.535
1374 -83.406 179.515
1375 -82.494 179.365
1376 -81.509 179.113
1377 -80.463 178.776
1378 -79.333 178.367
1379 -78.081 177.900
1380 -76.673 177.396
1381 -75.113 176.883
1382 -73.463 176.393
1383 -71.856 175.953
1384 -70.450 175.588
1385 -69.359 175.312
1386 -68.619 175.134
1387 -68.193 175.058
1388 -68.018 175.090
1389 -68.042 175.233
1390 -68.247 175.494
1391 -68.652 175.873
1392 -69.282 176.364
1393 -70.151 176.952
1394 -71.228 177.621
1395 -72.446 178.359
1396 -73.728 179.159
1397 -75.020 -179.981
1398 -76.307 -179.065
1399 -77.613 -178.104
1400 -78.984 -177.127
1401 -80.460 -176.165
1402 -82.042 -175.256
1403 -83.665 -174.424
1404 -85.214 -173.682
1405 -86.550 -173.035
1406 -87.560 -172.485
1407 -88.184 -172.035
1408 -88.400 -171.692
1409 -88.211 -171.467
1410 -87.629 -171.371
1411 -86.680 -171.413
1412 -85.408 -171.601
1413 -83.885 -171.935
1414 -82.191 -172.423
1415 -80.388 -173.072
1416 -78.495 -173.887
1417 -76.482 -174.866
1418 -74.294 -175.985
1419 -71.891 -177.200
1420 -69.264 -178.442
1421 -66.460 -179.639
1422 -63.578 179.270
1423 -60.760 178.322
1424 -58.159 177.529
1425 -55.897 176.894
1426 -54.043 176.414
1427 -52.626 176.096
1428 -51.667 175.950
1429 -51.203 175.992
1430 -51.291 176.231
1431 -51.985 176.658
1432 -53.291 177.244
1433 -55.135 177.950
1434 -57.369 178.738
1435 -59.815 179.574
1436 -62.313 -179.570
1437 -64.755 -178.718
1438 -67.094 -177.898
1439 -69.341 -177.135
1440 -71.542 -176.455
1441 -73.745 -175.873
1442 -75.962 -175.389
1443 -78.141 -174.995
1444 -80.185 -174.675
1445 -82.001 -174.419
1446 -83.520 -174.224
1447 -84.699 -174.098
1448 -85.504 -174.055
1449 -85.891 -174.107
1450 -85.802 -174.257
1451 -85.178 -174.494
1452 -83.997 -174.791
1453 -82.314 -175.117
1454 -80.260 -175.445
1455 -77.994 -175.751
1456 -75.634 -176.016
1457 -73.225 -176.224
1458 -70.758 -176.353
1459 -68.208 -176.379
1460 -65.574 -176.274
1461 -62.912 -176.017
1462 -60.336 -175.599
1463 -57.995 -175.026
1464 -56.010 -174.312
1465 -54.418 -173.474
1466 -53.172 -172.528
1467 -52.180 -171.495
1468 -51.368 -170.399
1469 -50.718 -169.275
1470 -50.276 -168.167
1471 -50.131 -167.125
1472 -50.365 -166.198
1473 -51.004 -165.424
1474 -51.991 -164.828
1475 -53.211 -164.421
1476 -54.535 -164.203
1477 -55.877 -164.167
1478 -57.211 -164.306
1479 -58.570 -164.608
1480 -60.008 -165.068
1481 -61.567 -165.676
1482 -63.240 -166.425
1483 -64.962 -167.304
1484 -66.630 -168.299
1485 -68.150 -169.395
1486 -69.467 -170.571
1487 -70.571 -171.801
1488 -71.489 -173.055
1489 -72.259 -174.299
1490 -72.906 -175.494
1491 -73.433 -176.603
1492 -73.811 -177.595
1493 -73.998 -178.448
1494 -73.957 -179.153
1495 -73.663 -179.702
1496 -73.105 179.908
1497 -72.282 179.675
1498 -71.198 179.597
1499 -69.870 179.663
1500 -68.329 179.855
1501 -66.629 -179.848
1502 -64.851 -179.467
1503 -63.085 -179.022
1504 -61.417 -178.526
1505 -59.901 -177.992
1506 -58.557 -177.427
1507 -57.381 -176.839
1508 -56.373 -176.234
1509 -55.558 -175.617
1510 -54.990 -174.995
1511 -54.739 -174.380
1512 -54.865 -173.783
1513 -55.389 -173.216
1514 -56.283 -172.695
1515 -57.471 -172.239
1516 -58.861 -171.871
1517 -60.367 -171.614
1518 -61.923 -171.484
1519 -63.490 -171.484
1520 -65.040 -171.598
1521 -66.552 -171.798
1522 -67.993 -172.059
1523 -69.323 -172.364
1524 -70.501 -172.704
1525 -71.491 -173.073
1526 -72.267 -173.461
1527 -72.804 -173.852
1528 -73.082 -174.228
1529 -73.084 -174.564
1530 -72.804 -174.843
1531 -72.255 -175.050
1532 -71.476 -175.175
1533 -70.526 -175.203
1534 -69.472 -175.117
1535 -68.374 -174.899
1536 -67.273 -174.536
1537 -66.192 -174.028
1538 -65.144 -173.394
1539 -64.146 -172.677
1540 -63.236 -171.937
1541 -62.471 -171.240
1542 -61.915 -170.640
1543 -61.618 -170.171
1544 -61.593 -169.849
1545 -61.826 -169.683
1546 -62.279 -169.688
1547 -62.916 -169.876
1548 -63.718 -170.252
1549 -64.686 -170.805
1550 -65.830 -171.503
1551 -67.152 -172.292
1552 -68.627 -173.113
1553 -70.195 -173.920
1554 -71.771 -174.683
1555 -73.261 -175.379
1556 -74.584 -175.992
1557 -75.688 -176.503
1558 -76.541 -176.893
1559 -77.131 -177.146
1560 -77.446 -177.256
1561 -77.482 -177.235
1562 -77.245 -177.113
1563 -76.754 -176.929
1564 -76.040 -176.724
1565 -75.130 -176.525
1566 -74.041 -176.347
1567 -72.777 -176.198
1568 -71.335 -176.084
1569 -69.717 -176.019
1570 -67.950 -176.025
1571 -66.084 -176.125
1572 -64.196 -176.332
1573 -62.381 -176.645
1574 -60.730 -177.049
1575 -59.310 -177.524
1576 -58.160 -178.054
1577 -57.305 -178.626
1578 -56.775 -179.232
1579 -56.615 -179.864
1580 -56.873 179.492
1581 -57.591 178.856
1582 -58.780 178.255
1583 -60.406 177.709
1584 -62.399 177.226
1585 -64.674 176.804
1586 -67.156 176.433
1587 -69.803 176.107
1588 -72.599 175.822
1589 -75.543 175.587
1590 -78.635 175.415
1591 -81.851 175.319
1592 -85.130 175.307
1593 -88.365 175.382
1594 -91.422 175.542
1595 -94.182 175.785
1596 -96.549 176.111
1597 -98.460 176.521
1598 -99.868 177.013
1599 -100.736 177.574
1600 -101.047 178.180
1601 -100.801 178.796
1602 -100.025 179.388
1603 -98.776 179.928
1604 -97.132 -179.597
1605 -95.177 -179.200
1606 -92.980 -178.889
1607 -90.590 -178.678
1608 -88.032 -178.580
1609 -85.315 -178.600
1610 -82.455 -178.731
1611 -79.492 -178.950
1612 -76.492 -179.224
1613 -73.547 -179.517
1614 -70.756 -179.801
1615 -68.199 179.941
1616 -65.928 179.715
1617 -63.967 179.517
1618 -62.327 179.340
1619 -61.023 179.175
1620 -60.084 179.022
1621 -59.548 178.886
1622 -59.446 178.774
1623 -59.788 178.691
1624 -60.549 178.638
1625 -61.686 178.611
1626 -63.149 178.608
1627 -64.902 178.625
1628 -66.929 178.662
1629 -69.224 178.718
1630 -71.776 178.792
1631 -74.551 178.883
1632 -77.490 178.992
1633 -80.507 179.125
1634 -83.516 179.299
1635 -86.454 179.537
1636 -89.286 179.867
1637 -91.999 -179.685
1638 -94.577 -179.112
1639 -96.975 -178.428
1640 -99.126 -177.674
1641 -100.936 -176.905
1642 -102.311 -176.175
1643 -103.183 -175.525
1644 -103.527 -174.978
1645 -103.357 -174.545
1646 -102.708 -174.236
1647 -101.618 -174.060
1648 -100.122 -174.025
1649 -98.253 -174.135
1650 -96.047 -174.383
1651 -93.562 -174.748
1652 -90.874 -175.203
1653 -88.077 -175.726
1654 -85.259 -176.304
1655 -82.485 -176.935
1656 -79.797 -177.621
1657 -77.228 -178.359
1658 -74.813 -179.135
1659 -72.601 -179.921
1660 -70.672 179.335
1661 -69.121 178.689
1662 -68.037 178.189
1663 -67.484 177.862
1664 -67.477 177.708
1665 -67.988 177.714
1666 -68.963 177.862
1667 -70.346 178.135
1668 -72.084 178.524
1669 -74.126 179.017
1670 -76.407 179.600
1671 -78.832 -179.744
1672 -81.286 -179.031
1673 -83.643 -178.275
1674 -85.801 -177.484
1675 -87.692 -176.665
1676 -89.287 -175.827
1677 -90.567 -174.980
1678 -91.524 -174.138
1679 -92.137 -173.317
1680 -92.371 -172.543
1681 -92.186 -171.850
1682 -91.566 -171.268
1683 -90.533 -170.825
1684 -89.151 -170.539
1685 -87.507 -170.425
1686 -85.692 -170.490
1687 -83.784 -170.728
1688 -81.844 -171.118
1689 -79.932 -171.619
1690 -78.114 -172.179
1691 -76.470 -172.749
1692 -75.082 -173.289
1693 -74.022 -173.772
1694 -73.336 -174.181
1695 -73.044 -174.506
1696 -73.143 -174.740
1697 -73.618 -174.881
1698 -74.442 -174.929
1699 -75.585 -174.891
1700 -77.009 -174.778
1701 -78.661 -174.608
1702 -80.481 -174.398
1703 -82.397 -174.161
1704 -84.342 -173.905
1705 -86.259 -173.633
1706 -88.096 -173.351
1707 -89.807 -173.073
1708 -91.339 -172.820
1709 -92.630 -172.610
1710 -93.624 -172.451
1711 -94.277 -172.336
1712 -94.575 -172.250
1713 -94.530 -172.179
1714 -94.173 -172.114
1715 -93.542 -172.053
1716 -92.665 -171.999
1717 -91.561 -171.967
1718 -90.236 -171.972
1719 -88.689 -172.029
1720 -86.926 -172.144
1721 -84.967 -172.315
1722 -82.841 -172.536
1723 -80.590 -172.804
1724 -78.261 -173.115
1725 -75.898 -173.462
1726 -73.557 -173.835
1727 -71.309 -174.214
1728 -69.248 -174.575
1729 -67.481 -174.888
1730 -66.102 -175.131
1731 -65.176 -175.291
1732 -64.715 -175.367
1733 -64.686 -175.363
1734 -65.027 -175.282
1735 -65.669 -175.126
1736 -66.556 -174.890
1737 -67.659 -174.567
1738 -68.962 -174.154
1739 -70.448 -173.662
1740 -72.093 -173.112
1741 -73.847 -172.538
1742 -75.647 -171.975
1743 -77.421 -171.461
1744 -79.113 -171.025
1745 -80.673 -170.697
1746 -82.071 -170.500
1747 -83.280 -170.449
1748 -84.280 -170.552
1749 -85.044 -170.801
1750 -85.553 -171.173
1751 -85.799 -171.634
1752 -85.795 -172.148
1753 -85.575 -172.690
1754 -85.182 -173.242
1755 -84.653 -173.795
1756 -84.010 -174.342
1757 -83.262 -174.874
1758 -82.408 -175.376
1759 -81.446 -175.833
1760 -80.387 -176.223
1761 -79.256 -176.532
1762 -78.084 -176.749
1763 -76.898 -176.867
1764 -75.703 -176.883
1765 -74.480 -176.796
1766 -73.186 -176.608
1767 -71.769 -176.332
1768 -70.188 -175.993
1769 -68.439 -175.632
1770 -66.560 -175.296
1771 -64.636 -175.022
1772 -62.782 -174.828
1773 -61.098 -174.710
1774 -59.649 -174.658
1775 -58.466 -174.660
1776 -57.553 -174.714
1777 -56.906 -174.825
1778 -56.520 -175.003
1779 -56.402 -175.261
1780 -56.562 -175.603
1781 -57.004 -176.026
1782 -57.717 -176.515
1783 -58.682 -177.058
1784 -59.877 -177.644
1785 -61.287 -178.267
1786 -62.907 -178.922
1787 -64.733 -179.598
1788 -66.762 179.725
1789 -68.970 179.079
1790 -71.298 178.506
1791 -73.652 178.041
1792 -75.923 177.703
1793 -78.011 177.494
1794 -79.839 177.407
1795 -81.370 177.432
1796 -82.589 177.559
1797 -83.494 177.782
1798 -84.081 178.091
1799 -84.347 178.469
1800 -84.287 178.894
1801 -83.904 179.332
1802 -83.206 179.754
1803 -82.214 -179.866
1804 -80.947 -179.542
1805 -79.423 -179.280
1806 -77.650 -179.079
1807 -75.634 -178.941
1808 -73.389 -178.868
1809 -70.956 -178.869
1810 -68.401 -178.952
1811 -65.820 -179.124
1812 -63.323 -179.378
1813 -61.019 -179.696
1814 -59.005 179.948
1815 -57.345 179.582
1816 -56.083 179.230
1817 -55.241 178.914
1818 -54.825 178.647
1819 -54.825 178.439
1820 -55.214 178.294
1821 -55.955 178.216
1822 -57.002 178.204
1823 -58.301 178.257
1824 -59.807 178.372
1825 -61.481 178.544
1826 -63.299 178.769
1827 -65.238 179.043
1828 -67.265 179.358
1829 -69.331 179.706
1830 -71.376 -179.922
1831 -73.329 -179.536
1832 -75.113 -179.147
1833 -76.662 -178.768
1834 -77.923 -178.410
1835 -78.850 -178.088
1836 -79.412 -177.813
1837 -79.599 -177.601
1838 -79.431 -177.460
1839 -78.959 -177.397
1840 -78.262 -177.415
1841 -77.422 -177.512
1842 -76.514 -177.688
1843 -75.587 -177.946
1844 -74.669 -178.294
1845 -73.775 -178.733
1846 -72.922 -179.260
1847 -72.129 -179.861
1848 -71.419 179.492
1849 -70.817 178.832
1850 -70.335 178.198
1851 -69.973 177.619
1852 -69.718 177.120
1853 -69.555 176.721
1854 -69.477 176.437
1855 -69.487 176.286
1856 -69.598 176.286
1857 -69.825 176.448
1858 -70.172 176.767
1859 -70.623 177.220
1860 -71.148 177.766
1861 -71.705 178.353
1862 -72.254 178.934
1863 -72.762 179.473
1864 -73.204 179.951
1865 -73.562 -179.651
1866 -73.824 -179.349
1867 -73.982 -179.164
1868 -74.031 -179.120
1869 -73.971 -179.240
1870 -73.802 -179.532
1871 -73.518 -179.987
1872 -73.111 179.424
1873 -72.567 178.735
1874 -71.881 177.980
1875 -71.059 177.183
1876 -70.131 176.363
1877 -69.145 175.538
1878 -68.173 174.735
1879 -67.296 173.991
1880 -66.584 173.346
1881 -66.083 172.834
1882 -65.806 172.477
1883 -65.735 172.289
1884 -65.838 172.272
1885 -66.089 172.434
1886 -66.469 172.787
1887 -66.974 173.351
1888 -67.600 174.147
1889 -68.333 175.190
1890 -69.147 176.477
1891 -70.001 177.982
1892 -70.858 179.660
1893 -71.693 -178.549
1894 -72.506 -176.708
1895 -73.324 -174.876
1896 -74.189 -173.105
1897 -75.147 -171.450
1898 -76.228 -169.961
1899 -77.440 -168.675
1900 -78.756 -167.618
1901 -80.116 -166.798
1902 -81.446 -166.207
1903 -82.670 -165.829
1904 -83.724 -165.647
1905 -84.556 -165.650
1906 -85.132 -165.833
1907 -85.427 -166.190
1908 -85.431 -166.714
1909 -85.145 -167.386
1910 -84.584 -168.181
1911 -83.772 -169.070
1912 -82.730 -170.031
1913 -81.477 -171.051
1914 -80.017 -172.117
1915 -78.345 -173.219
1916 -76.454 -174.333
1917 -74.347 -175.422
1918 -72.048 -176.436
1919 -69.612 -177.321
1920 -67.111 -178.037
1921 -64.630 -178.563
1922 -62.249 -178.900
1923 -60.034 -179.054
1924 -58.037 -179.031
1925 -56.306 -178.832
1926 -54.894 -178.455
1927 -53.852 -177.907
1928 -53.231 -177.204
1929 -53.066 -176.385
1930 -53.372 -175.501
1931 -54.140 -174.610
1932 -55.347 -173.759
1933 -56.962 -172.985
1934 -58.959 -172.308
1935 -61.317 -171.744
1936 -64.020 -171.308
1937 -67.038 -171.020
1938 -70.328 -170.899
1939 -73.819 -170.964
1940 -77.420 -171.217
1941 -81.023 -171.646
1942 -84.520 -172.218
1943 -87.816 -172.899
1944 -90.835 -173.656
1945 -93.499 -174.469
1946 -95.735 -175.325
1947 -97.473 -176.217
1948 -98.658 -177.134
1949 -99.256 -178.055
1950 -99.264 -178.945
1951 -98.705 -179.766
1952 -97.622 179.518
1953 -96.066 178.933
1954 -94.093 178.491
1955 -91.760 178.193
1956 -89.128 178.034
1957 -86.270 178.004
1958 -83.279 178.094
1959 -80.266 178.289
1960 -77.345 178.572
1961 -74.624 178.916
1962 -72.198 179.295
1963 -70.135 179.685
1964 -68.487 -179.929
1965 -67.297 -179.554
1966 -66.594 -179.189
1967 -66.398 -178.831
1968 -66.703 -178.477
1969 -67.475 -178.131
1970 -68.654 -177.803
1971 -70.160 -177.508
1972 -71.906 -177.258
1973 -73.815 -177.060
1974 -75.823 -176.915
1975 -77.883 -176.815
1976 -79.956 -176.749
1977 -82.002 -176.703
1978 -83.972 -176.668
1979 -85.812 -176.636
1980 -87.466 -176.602
1981 -88.891 -176.559
1982 -90.059 -176.497
1983 -90.961 -176.407
1984 -91.597 -176.276
1985 -91.975 -176.092
1986 -92.106 -175.844
1987 -91.999 -175.523
1988 -91.664 -175.126
1989 -91.114 -174.654
1990 -90.369 -174.119
1991 -89.449 -173.537
1992 -88.371 -172.938
1993 -87.142 -172.360
1994 -85.764 -171.847
1995 -84.241 -171.446
1996 -82.586 -171.198
1997 -80.832 -171.130
1998 -79.032 -171.252
1999 -77.259 -171.554
2000 -75.590 -172.015
2001 -74.093 -172.607
