     1	178.969
     2	178.308
     3	177.753
     4	177.316
     5	176.999
     6	176.792
     7	176.676
     8	176.625
     9	176.611
    10	176.605
    11	176.584
    12	176.525
    13	176.407
    14	176.214
    15	175.928
    16	175.541
    17	175.048
    18	174.455
    19	173.771
    20	173.016
    21	172.212
    22	171.388
    23	170.576
    24	169.809
    25	169.122
    26	168.551
    27	168.123
    28	167.859
    29	167.767
    30	167.853
    31	168.115
    32	168.551
    33	169.158
    34	169.921
    35	170.819
    36	171.812
    37	172.854
    38	173.895
    39	174.896
    40	175.835
    41	176.703
    42	177.506
    43	178.254
    44	178.958
    45	179.623
    46	-179.752
    47	-179.169
    48	-178.633
    49	-178.154
    50	-177.742
    51	-177.415
    52	-177.198
    53	-177.121
    54	-177.217
    55	-177.515
    56	-178.028
    57	-178.755
    58	-179.672
    59	179.258
    60	178.079
    61	176.842
    62	175.604
    63	174.425
    64	173.378
    65	172.529
    66	171.932
    67	171.623
    68	171.612
    69	171.889
    70	172.429
    71	173.200
    72	174.166
    73	175.289
    74	176.527
    75	177.836
    76	179.170
    77	-179.512
    78	-178.245
    79	-177.056
    80	-175.960
    81	-174.967
    82	-174.086
    83	-173.328
    84	-172.709
    85	-172.248
    86	-171.964
    87	-171.878
    88	-172.006
    89	-172.362
    90	-172.960
    91	-173.813
    92	-174.929
    93	-176.308
    94	-177.929
    95	-179.749
    96	178.298
    97	176.287
    98	174.289
    99	172.355
   100	170.521
   101	168.811
   102	167.244
   103	165.840
   104	164.619
   105	163.604
   106	162.811
   107	162.249
   108	161.917
   109	161.808
   110	161.910
   111	162.213
   112	162.711
   113	163.401
   114	164.279
   115	165.336
   116	166.551
   117	167.888
   118	169.295
   119	170.718
   120	172.107
   121	173.418
   122	174.617
   123	175.677
   124	176.574
   125	177.291
   126	177.824
   127	178.177
   128	178.365
   129	178.407
   130	178.323
   131	178.130
   132	177.840
   133	177.458
   134	176.990
   135	176.444
   136	175.826
   137	175.145
   138	174.410
   139	173.628
   140	172.806
   141	171.958
   142	171.111
   143	170.307
   144	169.603
   145	169.058
   146	168.718
   147	168.611
   148	168.744
   149	169.115
   150	169.721
   151	170.559
   152	171.626
   153	172.916
   154	174.409
   155	176.069
   156	177.843
   157	179.666
   158	-178.528
   159	-176.795
   160	-175.182
   161	-173.726
   162	-172.461
   163	-171.419
   164	-170.636
   165	-170.138
   166	-169.943
   167	-170.048
   168	-170.432
   169	-171.060
   170	-171.893
   171	-172.887
   172	-174.003
   173	-175.201
   174	-176.445
   175	-177.696
   176	-178.923
   177	179.898
   178	178.781
   179	177.729
   180	176.740
   181	175.807
   182	174.921
   183	174.081
   184	173.286
   185	172.542
   186	171.861
   187	171.254
   188	170.733
   189	170.315
   190	170.019
   191	169.872
   192	169.905
   193	170.143
   194	170.597
   195	171.253
   196	172.074
   197	173.011
   198	174.013
   199	175.040
   200	176.061
   201	177.047
   202	177.966
   203	178.783
   204	179.452
   205	179.931
   206	-179.811
   207	-179.781
   208	-179.965
   209	179.667
   210	179.152
   211	178.524
   212	177.812
   213	177.037
   214	176.221
   215	175.387
   216	174.564
   217	173.778
   218	173.049
   219	172.382
   220	171.766
   221	171.185
   222	170.616
   223	170.048
   224	169.478
   225	168.911
   226	168.361
   227	167.842
   228	167.369
   229	166.951
   230	166.596
   231	166.308
   232	166.089
   233	165.942
   234	165.871
   235	165.879
   236	165.965
   237	166.128
   238	166.365
   239	166.670
   240	167.035
   241	167.452
   242	167.908
   243	168.385
   244	168.859
   245	169.300
   246	169.686
   247	170.003
   248	170.257
   249	170.464
   250	170.651
   251	170.844
   252	171.065
   253	171.328
   254	171.645
   255	172.020
   256	172.459
   257	172.966
   258	173.544
   259	174.191
   260	174.895
   261	175.633
   262	176.373
   263	177.077
   264	177.704
   265	178.214
   266	178.571
   267	178.744
   268	178.710
   269	178.453
   270	177.966
   271	177.253
   272	176.334
   273	175.247
   274	174.049
   275	172.808
   276	171.594
   277	170.471
   278	169.483
   279	168.662
   280	168.032
   281	167.615
   282	167.433
   283	167.505
   284	167.836
   285	168.416
   286	169.211
   287	170.171
   288	171.238
   289	172.360
   290	173.493
   291	174.604
   292	175.671
   293	176.675
   294	177.600
   295	178.430
   296	179.152
   297	179.758
   298	-179.751
   299	-179.370
   300	-179.087
   301	-178.888
   302	-178.764
   303	-178.704
   304	-178.705
   305	-178.756
   306	-178.847
   307	-178.962
   308	-179.088
   309	-179.218
   310	-179.355
   311	-179.510
   312	-179.701
   313	-179.945
   314	179.747
   315	179.373
   316	178.943
   317	178.472
   318	177.981
   319	177.495
   320	177.037
   321	176.635
   322	176.318
   323	176.120
   324	176.073
   325	176.203
   326	176.527
   327	177.042
   328	177.732
   329	178.569
   330	179.512
   331	-179.486
   332	-178.482
   333	-177.526
   334	-176.664
   335	-175.928
   336	-175.334
   337	-174.885
   338	-174.575
   339	-174.397
   340	-174.349
   341	-174.430
   342	-174.645
   343	-175.003
   344	-175.504
   345	-176.149
   346	-176.926
   347	-177.821
   348	-178.814
   349	-179.887
   350	178.981
   351	177.814
   352	176.648
   353	175.529
   354	174.513
   355	173.654
   356	172.989
   357	172.536
   358	172.298
   359	172.271
   360	172.451
   361	172.839
   362	173.431
   363	174.219
   364	175.179
   365	176.265
   366	177.419
   367	178.584
   368	179.709
   369	-179.239
   370	-178.281
   371	-177.426
   372	-176.684
   373	-176.067
   374	-175.592
   375	-175.268
   376	-175.093
   377	-175.051
   378	-175.113
   379	-175.246
   380	-175.421
   381	-175.615
   382	-175.817
   383	-176.027
   384	-176.250
   385	-176.493
   386	-176.763
   387	-177.064
   388	-177.393
   389	-177.740
   390	-178.088
   391	-178.406
   392	-178.657
   393	-178.801
   394	-178.806
   395	-178.657
   396	-178.354
   397	-177.911
   398	-177.349
   399	-176.689
   400	-175.947
   401	-175.136
   402	-174.265
   403	-173.346
   404	-172.400
   405	-171.459
   406	-170.563
   407	-169.763
   408	-169.111
   409	-168.662
   410	-168.464
   411	-168.558
   412	-168.965
   413	-169.681
   414	-170.669
   415	-171.871
   416	-173.221
   417	-174.662
   418	-176.149
   419	-177.649
   420	-179.132
   421	179.430
   422	178.072
   423	176.832
   424	175.742
   425	174.835
   426	174.137
   427	173.672
   428	173.461
   429	173.530
   430	173.897
   431	174.572
   432	175.542
   433	176.762
   434	178.149
   435	179.604
   436	-178.969
   437	-177.633
   438	-176.416
   439	-175.327
   440	-174.369
   441	-173.548
   442	-172.882
   443	-172.387
   444	-172.074
   445	-171.944
   446	-171.980
   447	-172.157
   448	-172.449
   449	-172.836
   450	-173.309
   451	-173.866
   452	-174.503
   453	-175.210
   454	-175.956
   455	-176.697
   456	-177.383
   457	-177.976
   458	-178.460
   459	-178.836
   460	-179.115
   461	-179.305
   462	-179.407
   463	-179.418
   464	-179.324
   465	-179.117
   466	-178.791
   467	-178.350
   468	-177.801
   469	-177.150
   470	-176.400
   471	-175.553
   472	-174.615
   473	-173.601
   474	-172.544
   475	-171.496
   476	-170.521
   477	-169.679
   478	-169.018
   479	-168.564
   480	-168.326
   481	-168.300
   482	-168.475
   483	-168.837
   484	-169.378
   485	-170.088
   486	-170.962
   487	-171.993
   488	-173.171
   489	-174.484
   490	-175.909
   491	-177.414
   492	-178.957
   493	179.521
   494	178.080
   495	176.778
   496	175.652
   497	174.717
   498	173.973
   499	173.414
   500	173.030
   501	172.810
   502	172.749
   503	172.840
   504	173.074
   505	173.441
   506	173.923
   507	174.502
   508	175.161
   509	175.885
   510	176.662
   511	177.476
   512	178.308
   513	179.126
   514	179.888
   515	-179.451
   516	-178.928
   517	-178.559
   518	-178.339
   519	-178.250
   520	-178.269
   521	-178.374
   522	-178.549
   523	-178.781
   524	-179.056
   525	-179.363
   526	-179.691
   527	179.972
   528	179.635
   529	179.308
   530	179.001
   531	178.725
   532	178.490
   533	178.307
   534	178.187
   535	178.139
   536	178.165
   537	178.263
   538	178.425
   539	178.636
   540	178.882
   541	179.149
   542	179.428
   543	179.711
   544	179.992
   545	-179.736
   546	-179.486
   547	-179.274
   548	-179.117
   549	-179.033
   550	-179.036
   551	-179.138
   552	-179.342
   553	-179.645
   554	179.961
   555	179.487
   556	178.946
   557	178.351
   558	177.714
   559	177.045
   560	176.355
   561	175.654
   562	174.956
   563	174.276
   564	173.634
   565	173.044
   566	172.520
   567	172.068
   568	171.700
   569	171.426
   570	171.261
   571	171.221
   572	171.320
   573	171.563
   574	171.940
   575	172.415
   576	172.938
   577	173.458
   578	173.942
   579	174.377
   580	174.764
   581	175.109
   582	175.415
   583	175.684
   584	175.914
   585	176.105
   586	176.261
   587	176.389
   588	176.497
   589	176.588
   590	176.658
   591	176.691
   592	176.664
   593	176.544
   594	176.301
   595	175.919
   596	175.411
   597	174.818
   598	174.197
   599	173.598
   600	173.051
   601	172.571
   602	172.163
   603	171.830
   604	171.576
   605	171.407
   606	171.331
   607	171.356
   608	171.489
   609	171.736
   610	172.106
   611	172.609
   612	173.260
   613	174.070
   614	175.046
   615	176.179
   616	177.441
   617	178.773
   618	-179.901
   619	-178.656
   620	-177.564
   621	-176.675
   622	-176.020
   623	-175.609
   624	-175.442
   625	-175.508
   626	-175.788
   627	-176.260
   628	-176.902
   629	-177.693
   630	-178.615
   631	-179.649
   632	179.223
   633	178.028
   634	176.798
   635	175.577
   636	174.413
   637	173.353
   638	172.441
   639	171.718
   640	171.210
   641	170.932
   642	170.893
   643	171.089
   644	171.499
   645	172.087
   646	172.800
   647	173.581
   648	174.387
   649	175.187
   650	175.967
   651	176.720
   652	177.444
   653	178.135
   654	178.781
   655	179.363
   656	179.858
   657	-179.752
   658	-179.476
   659	-179.311
   660	-179.252
   661	-179.293
   662	-179.439
   663	-179.696
   664	179.928
   665	179.434
   666	178.840
   667	178.172
   668	177.459
   669	176.719
   670	175.959
   671	175.172
   672	174.350
   673	173.483
   674	172.563
   675	171.602
   676	170.627
   677	169.675
   678	168.784
   679	167.985
   680	167.306
   681	166.770
   682	166.398
   683	166.212
   684	166.233
   685	166.471
   686	166.921
   687	167.553
   688	168.321
   689	169.179
   690	170.089
   691	171.024
   692	171.969
   693	172.907
   694	173.817
   695	174.670
   696	175.424
   697	176.041
   698	176.498
   699	176.792
   700	176.937
   701	176.958
   702	176.883
   703	176.737
   704	176.538
   705	176.304
   706	176.054
   707	175.817
   708	175.620
   709	175.485
   710	175.420
   711	175.423
   712	175.483
   713	175.594
   714	175.750
   715	175.955
   716	176.217
   717	176.545
   718	176.942
   719	177.406
   720	177.927
   721	178.498
   722	179.116
   723	179.778
   724	-179.519
   725	-178.797
   726	-178.098
   727	-177.478
   728	-176.989
   729	-176.666
   730	-176.516
   731	-176.529
   732	-176.685
   733	-176.966
   734	-177.353
   735	-177.834
   736	-178.398
   737	-179.035
   738	-179.733
   739	179.522
   740	178.741
   741	177.929
   742	177.087
   743	176.221
   744	175.345
   745	174.486
   746	173.687
   747	173.001
   748	172.474
   749	172.135
   750	171.996
   751	172.051
   752	172.285
   753	172.680
   754	173.212
   755	173.854
   756	174.575
   757	175.344
   758	176.136
   759	176.933
   760	177.724
   761	178.499
   762	179.245
   763	179.947
   764	-179.417
   765	-178.874
   766	-178.448
   767	-178.158
   768	-178.014
   769	-178.022
   770	-178.180
   771	-178.484
   772	-178.924
   773	-179.485
   774	179.857
   775	179.136
   776	178.391
   777	177.663
   778	176.989
   779	176.396
   780	175.905
   781	175.532
   782	175.293
   783	175.211
   784	175.304
   785	175.586
   786	176.052
   787	176.679
   788	177.435
   789	178.286
   790	179.209
   791	-179.812
   792	-178.790
   793	-177.738
   794	-176.674
   795	-175.624
   796	-174.615
   797	-173.672
   798	-172.816
   799	-172.057
   800	-171.409
   801	-170.891
   802	-170.544
   803	-170.430
   804	-170.625
   805	-171.202
   806	-172.190
   807	-173.549
   808	-175.154
   809	-176.846
   810	-178.491
   811	179.993
   812	178.639
   813	177.457
   814	176.448
   815	175.618
   816	174.983
   817	174.565
   818	174.379
   819	174.428
   820	174.693
   821	175.151
   822	175.780
   823	176.568
   824	177.517
   825	178.631
   826	179.900
   827	-178.721
   828	-177.319
   829	-176.009
   830	-174.889
   831	-174.014
   832	-173.388
   833	-172.982
   834	-172.761
   835	-172.699
   836	-172.782
   837	-173.010
   838	-173.387
   839	-173.916
   840	-174.590
   841	-175.392
   842	-176.302
   843	-177.300
   844	-178.370
   845	-179.505
   846	179.305
   847	178.078
   848	176.847
   849	175.666
   850	174.604
   851	173.725
   852	173.082
   853	172.701
   854	172.583
   855	172.717
   856	173.079
   857	173.649
   858	174.404
   859	175.324
   860	176.388
   861	177.571
   862	178.843
   863	-179.831
   864	-178.486
   865	-177.158
   866	-175.878
   867	-174.679
   868	-173.600
   869	-172.685
   870	-171.986
   871	-171.557
   872	-171.440
   873	-171.657
   874	-172.204
   875	-173.048
   876	-174.142
   877	-175.429
   878	-176.866
   879	-178.421
   880	179.929
   881	178.203
   882	176.418
   883	174.609
   884	172.822
   885	171.111
   886	169.531
   887	168.137
   888	166.971
   889	166.061
   890	165.431
   891	165.096
   892	165.071
   893	165.366
   894	165.982
   895	166.905
   896	168.096
   897	169.496
   898	171.029
   899	172.615
   900	174.186
   901	175.689
   902	177.082
   903	178.333
   904	179.420
   905	-179.679
   906	-178.979
   907	-178.492
   908	-178.216
   909	-178.142
   910	-178.255
   911	-178.537
   912	-178.973
   913	-179.551
   914	179.740
   915	178.919
   916	178.015
   917	177.075
   918	176.160
   919	175.334
   920	174.652
   921	174.142
   922	173.814
   923	173.650
   924	173.622
   925	173.695
   926	173.836
   927	174.024
   928	174.244
   929	174.493
   930	174.777
   931	175.102
   932	175.475
   933	175.902
   934	176.382
   935	176.911
   936	177.478
   937	178.064
   938	178.640
   939	179.175
   940	179.641
   941	-179.982
   942	-179.703
   943	-179.519
   944	-179.422
   945	-179.406
   946	-179.471
   947	-179.627
   948	-179.894
   949	179.706
   950	179.151
   951	178.427
   952	177.536
   953	176.490
   954	175.317
   955	174.060
   956	172.769
   957	171.501
   958	170.317
   959	169.271
   960	168.406
   961	167.752
   962	167.324
   963	167.125
   964	167.150
   965	167.395
   966	167.855
   967	168.515
   968	169.355
   969	170.339
   970	171.415
   971	172.520
   972	173.584
   973	174.542
   974	175.334
   975	175.915
   976	176.249
   977	176.312
   978	176.091
   979	175.590
   980	174.824
   981	173.827
   982	172.645
   983	171.331
   984	169.938
   985	168.518
   986	167.123
   987	165.805
   988	164.619
   989	163.618
   990	162.846
   991	162.336
   992	162.101
   993	162.135
   994	162.417
   995	162.921
   996	163.618
   997	164.488
   998	165.505
   999	166.639
  1000	167.856
  1001	169.112
  1002	170.366
  1003	171.578
  1004	172.720
  1005	173.775
  1006	174.739
  1007	175.615
  1008	176.412
  1009	177.137
  1010	177.795
  1011	178.387
  1012	178.911
  1013	179.357
  1014	179.713
  1015	179.964
  1016	-179.903
  1017	-179.894
  1018	179.997
  1019	179.788
  1020	179.505
  1021	179.179
  1022	178.840
  1023	178.511
  1024	178.210
  1025	177.951
  1026	177.743
  1027	177.592
  1028	177.504
  1029	177.487
  1030	177.555
  1031	177.727
  1032	178.023
  1033	178.468
  1034	179.075
  1035	179.845
  1036	-179.240
  1037	-178.229
  1038	-177.194
  1039	-176.227
  1040	-175.416
  1041	-174.828
  1042	-174.490
  1043	-174.397
  1044	-174.523
  1045	-174.841
  1046	-175.329
  1047	-175.973
  1048	-176.761
  1049	-177.677
  1050	-178.695
  1051	-179.778
  1052	179.116
  1053	178.028
  1054	176.990
  1055	176.025
  1056	175.154
  1057	174.396
  1058	173.769
  1059	173.296
  1060	173.001
  1061	172.900
  1062	172.991
  1063	173.246
  1064	173.624
  1065	174.084
  1066	174.598
  1067	175.150
  1068	175.728
  1069	176.323
  1070	176.917
  1071	177.488
  1072	178.010
  1073	178.460
  1074	178.825
  1075	179.104
  1076	179.309
  1077	179.460
  1078	179.584
  1079	179.708
  1080	179.856
  1081	-179.955
  1082	-179.710
  1083	-179.403
  1084	-179.029
  1085	-178.590
  1086	-178.086
  1087	-177.522
  1088	-176.903
  1089	-176.238
  1090	-175.539
  1091	-174.825
  1092	-174.117
  1093	-173.444
  1094	-172.837
  1095	-172.331
  1096	-171.954
  1097	-171.731
  1098	-171.676
  1099	-171.795
  1100	-172.077
  1101	-172.499
  1102	-173.030
  1103	-173.632
  1104	-174.270
  1105	-174.914
  1106	-175.540
  1107	-176.129
  1108	-176.661
  1109	-177.112
  1110	-177.463
  1111	-177.696
  1112	-177.804
  1113	-177.791
  1114	-177.668
  1115	-177.449
  1116	-177.148
  1117	-176.779
  1118	-176.355
  1119	-175.897
  1120	-175.435
  1121	-175.008
  1122	-174.659
  1123	-174.416
  1124	-174.290
  1125	-174.271
  1126	-174.344
  1127	-174.496
  1128	-174.724
  1129	-175.039
  1130	-175.453
  1131	-175.976
  1132	-176.601
  1133	-177.310
  1134	-178.074
  1135	-178.868
  1136	-179.677
  1137	179.501
  1138	178.654
  1139	177.771
  1140	176.848
  1141	175.894
  1142	174.935
  1143	174.005
  1144	173.142
  1145	172.383
  1146	171.763
  1147	171.320
  1148	171.091
  1149	171.109
  1150	171.394
  1151	171.952
  1152	172.765
  1153	173.799
  1154	175.014
  1155	176.370
  1156	177.834
  1157	179.376
  1158	-179.036
  1159	-177.446
  1160	-175.917
  1161	-174.520
  1162	-173.330
  1163	-172.406
  1164	-171.783
  1165	-171.477
  1166	-171.489
  1167	-171.805
  1168	-172.397
  1169	-173.223
  1170	-174.227
  1171	-175.339
  1172	-176.486
  1173	-177.608
  1174	-178.666
  1175	-179.643
  1176	179.471
  1177	178.683
  1178	178.015
  1179	177.497
  1180	177.173
  1181	177.081
  1182	177.240
  1183	177.648
  1184	178.279
  1185	179.094
  1186	-179.950
  1187	-178.902
  1188	-177.807
  1189	-176.721
  1190	-175.707
  1191	-174.834
  1192	-174.158
  1193	-173.708
  1194	-173.484
  1195	-173.468
  1196	-173.637
  1197	-173.974
  1198	-174.472
  1199	-175.129
  1200	-175.938
  1201	-176.881
  1202	-177.921
  1203	-179.008
  1204	179.904
  1205	178.855
  1206	177.866
  1207	176.944
  1208	176.084
  1209	175.282
  1210	174.540
  1211	173.872
  1212	173.299
  1213	172.842
  1214	172.522
  1215	172.362
  1216	172.386
  1217	172.619
  1218	173.084
  1219	173.792
  1220	174.731
  1221	175.859
  1222	177.118
  1223	178.445
  1224	179.796
  1225	-178.863
  1226	-177.555
  1227	-176.310
  1228	-175.166
  1229	-174.174
  1230	-173.389
  1231	-172.859
  1232	-172.611
  1233	-172.653
  1234	-172.983
  1235	-173.590
  1236	-174.466
  1237	-175.598
  1238	-176.962
  1239	-178.510
  1240	179.828
  1241	178.148
  1242	176.542
  1243	175.085
  1244	173.828
  1245	172.790
  1246	171.977
  1247	171.401
  1248	171.081
  1249	171.040
  1250	171.292
  1251	171.830
  1252	172.618
  1253	173.601
  1254	174.716
  1255	175.913
  1256	177.152
  1257	178.404
  1258	179.647
  1259	-179.143
  1260	-177.993
  1261	-176.941
  1262	-176.018
  1263	-175.246
  1264	-174.637
  1265	-174.194
  1266	-173.922
  1267	-173.835
  1268	-173.949
  1269	-174.290
  1270	-174.874
  1271	-175.702
  1272	-176.746
  1273	-177.950
  1274	-179.250
  1275	179.409
  1276	178.065
  1277	176.743
  1278	175.463
  1279	174.248
  1280	173.124
  1281	172.117
  1282	171.245
  1283	170.515
  1284	169.920
  1285	169.450
  1286	169.094
  1287	168.846
  1288	168.698
  1289	168.648
  1290	168.685
  1291	168.797
  1292	168.968
  1293	169.192
  1294	169.473
  1295	169.824
  1296	170.263
  1297	170.799
  1298	171.431
  1299	172.139
  1300	172.887
  1301	173.639
  1302	174.362
  1303	175.038
  1304	175.658
  1305	176.215
  1306	176.698
  1307	177.087
  1308	177.362
  1309	177.502
  1310	177.498
  1311	177.357
  1312	177.102
  1313	176.759
  1314	176.360
  1315	175.941
  1316	175.539
  1317	175.197
  1318	174.956
  1319	174.846
  1320	174.886
  1321	175.076
  1322	175.401
  1323	175.840
  1324	176.370
  1325	176.975
  1326	177.640
  1327	178.354
  1328	179.102
  1329	179.864
  1330	-179.393
  1331	-178.710
  1332	-178.132
  1333	-177.704
  1334	-177.459
  1335	-177.420
  1336	-177.597
  1337	-177.987
  1338	-178.571
  1339	-179.317
  1340	179.817
  1341	178.878
  1342	177.906
  1343	176.929
  1344	175.961
  1345	175.006
  1346	174.067
  1347	173.146
  1348	172.254
  1349	171.415
  1350	170.654
  1351	169.998
  1352	169.464
  1353	169.062
  1354	168.799
  1355	168.676
  1356	168.697
  1357	168.865
  1358	169.180
  1359	169.638
  1360	170.221
  1361	170.905
  1362	171.662
  1363	172.474
  1364	173.334
  1365	174.235
  1366	175.167
  1367	176.105
  1368	177.012
  1369	177.843
  1370	178.542
  1371	179.065
  1372	179.394
  1373	179.535
  1374	179.515
  1375	179.365
  1376	179.113
  1377	178.776
  1378	178.367
  1379	177.900
  1380	177.396
  1381	176.883
  1382	176.393
  1383	175.953
  1384	175.588
  1385	175.312
  1386	175.134
  1387	175.058
  1388	175.090
  1389	175.233
  1390	175.494
  1391	175.873
  1392	176.364
  1393	176.952
  1394	177.621
  1395	178.359
  1396	179.159
  1397	-179.981
  1398	-179.065
  1399	-178.104
  1400	-177.127
  1401	-176.165
  1402	-175.256
  1403	-174.424
  1404	-173.682
  1405	-173.035
  1406	-172.485
  1407	-172.035
  1408	-171.692
  1409	-171.467
  1410	-171.371
  1411	-171.413
  1412	-171.601
  1413	-171.935
  1414	-172.423
  1415	-173.072
  1416	-173.887
  1417	-174.866
  1418	-175.985
  1419	-177.200
  1420	-178.442
  1421	-179.639
  1422	179.270
  1423	178.322
  1424	177.529
  1425	176.894
  1426	176.414
  1427	176.096
  1428	175.950
  1429	175.992
  1430	176.231
  1431	176.658
  1432	177.244
  1433	177.950
  1434	178.738
  1435	179.574
  1436	-179.570
  1437	-178.718
  1438	-177.898
  1439	-177.135
  1440	-176.455
  1441	-175.873
  1442	-175.389
  1443	-174.995
  1444	-174.675
  1445	-174.419
  1446	-174.224
  1447	-174.098
  1448	-174.055
  1449	-174.107
  1450	-174.257
  1451	-174.494
  1452	-174.791
  1453	-175.117
  1454	-175.445
  1455	-175.751
  1456	-176.016
  1457	-176.224
  1458	-176.353
  1459	-176.379
  1460	-176.274
  1461	-176.017
  1462	-175.599
  1463	-175.026
  1464	-174.312
  1465	-173.474
  1466	-172.528
  1467	-171.495
  1468	-170.399
  1469	-169.275
  1470	-168.167
  1471	-167.125
  1472	-166.198
  1473	-165.424
  1474	-164.828
  1475	-164.421
  1476	-164.203
  1477	-164.167
  1478	-164.306
  1479	-164.608
  1480	-165.068
  1481	-165.676
  1482	-166.425
  1483	-167.304
  1484	-168.299
  1485	-169.395
  1486	-170.571
  1487	-171.801
  1488	-173.055
  1489	-174.299
  1490	-175.494
  1491	-176.603
  1492	-177.595
  1493	-178.448
  1494	-179.153
  1495	-179.702
  1496	179.908
  1497	179.675
  1498	179.597
  1499	179.663
  1500	179.855
  1501	-179.848
  1502	-179.467
  1503	-179.022
  1504	-178.526
  1505	-177.992
  1506	-177.427
  1507	-176.839
  1508	-176.234
  1509	-175.617
  1510	-174.995
  1511	-174.380
  1512	-173.783
  1513	-173.216
  1514	-172.695
  1515	-172.239
  1516	-171.871
  1517	-171.614
  1518	-171.484
  1519	-171.484
  1520	-171.598
  1521	-171.798
  1522	-172.059
  1523	-172.364
  1524	-172.704
  1525	-173.073
  1526	-173.461
  1527	-173.852
  1528	-174.228
  1529	-174.564
  1530	-174.843
  1531	-175.050
  1532	-175.175
  1533	-175.203
  1534	-175.117
  1535	-174.899
  1536	-174.536
  1537	-174.028
  1538	-173.394
  1539	-172.677
  1540	-171.937
  1541	-171.240
  1542	-170.640
  1543	-170.171
  1544	-169.849
  1545	-169.683
  1546	-169.688
  1547	-169.876
  1548	-170.252
  1549	-170.805
  1550	-171.503
  1551	-172.292
  1552	-173.113
  1553	-173.920
  1554	-174.683
  1555	-175.379
  1556	-175.992
  1557	-176.503
  1558	-176.893
  1559	-177.146
  1560	-177.256
  1561	-177.235
  1562	-177.113
  1563	-176.929
  1564	-176.724
  1565	-176.525
  1566	-176.347
  1567	-176.198
  1568	-176.084
  1569	-176.019
  1570	-176.025
  1571	-176.125
  1572	-176.332
  1573	-176.645
  1574	-177.049
  1575	-177.524
  1576	-178.054
  1577	-178.626
  1578	-179.232
  1579	-179.864
  1580	179.492
  1581	178.856
  1582	178.255
  1583	177.709
  1584	177.226
  1585	176.804
  1586	176.433
  1587	176.107
  1588	175.822
  1589	175.587
  1590	175.415
  1591	175.319
  1592	175.307
  1593	175.382
  1594	175.542
  1595	175.785
  1596	176.111
  1597	176.521
  1598	177.013
  1599	177.574
  1600	178.180
  1601	178.796
  1602	179.388
  1603	179.928
  1604	-179.597
  1605	-179.200
  1606	-178.889
  1607	-178.678
  1608	-178.580
  1609	-178.600
  1610	-178.731
  1611	-178.950
  1612	-179.224
  1613	-179.517
  1614	-179.801
  1615	179.941
  1616	179.715
  1617	179.517
  1618	179.340
  1619	179.175
  1620	179.022
  1621	178.886
  1622	178.774
  1623	178.691
  1624	178.638
  1625	178.611
  1626	178.608
  1627	178.625
  1628	178.662
  1629	178.718
  1630	178.792
  1631	178.883
  1632	178.992
  1633	179.125
  1634	179.299
  1635	179.537
  1636	179.867
  1637	-179.685
  1638	-179.112
  1639	-178.428
  1640	-177.674
  1641	-176.905
  1642	-176.175
  1643	-175.525
  1644	-174.978
  1645	-174.545
  1646	-174.236
  1647	-174.060
  1648	-174.025
  1649	-174.135
  1650	-174.383
  1651	-174.748
  1652	-175.203
  1653	-175.726
  1654	-176.304
  1655	-176.935
  1656	-177.621
  1657	-178.359
  1658	-179.135
  1659	-179.921
  1660	179.335
  1661	178.689
  1662	178.189
  1663	177.862
  1664	177.708
  1665	177.714
  1666	177.862
  1667	178.135
  1668	178.524
  1669	179.017
  1670	179.600
  1671	-179.744
  1672	-179.031
  1673	-178.275
  1674	-177.484
  1675	-176.665
  1676	-175.827
  1677	-174.980
  1678	-174.138
  1679	-173.317
  1680	-172.543
  1681	-171.850
  1682	-171.268
  1683	-170.825
  1684	-170.539
  1685	-170.425
  1686	-170.490
  1687	-170.728
  1688	-171.118
  1689	-171.619
  1690	-172.179
  1691	-172.749
  1692	-173.289
  1693	-173.772
  1694	-174.181
  1695	-174.506
  1696	-174.740
  1697	-174.881
  1698	-174.929
  1699	-174.891
  1700	-174.778
  1701	-174.608
  1702	-174.398
  1703	-174.161
  1704	-173.905
  1705	-173.633
  1706	-173.351
  1707	-173.073
  1708	-172.820
  1709	-172.610
  1710	-172.451
  1711	-172.336
  1712	-172.250
  1713	-172.179
  1714	-172.114
  1715	-172.053
  1716	-171.999
  1717	-171.967
  1718	-171.972
  1719	-172.029
  1720	-172.144
  1721	-172.315
  1722	-172.536
  1723	-172.804
  1724	-173.115
  1725	-173.462
  1726	-173.835
  1727	-174.214
  1728	-174.575
  1729	-174.888
  1730	-175.131
  1731	-175.291
  1732	-175.367
  1733	-175.363
  1734	-175.282
  1735	-175.126
  1736	-174.890
  1737	-174.567
  1738	-174.154
  1739	-173.662
  1740	-173.112
  1741	-172.538
  1742	-171.975
  1743	-171.461
  1744	-171.025
  1745	-170.697
  1746	-170.500
  1747	-170.449
  1748	-170.552
  1749	-170.801
  1750	-171.173
  1751	-171.634
  1752	-172.148
  1753	-172.690
  1754	-173.242
  1755	-173.795
  1756	-174.342
  1757	-174.874
  1758	-175.376
  1759	-175.833
  1760	-176.223
  1761	-176.532
  1762	-176.749
  1763	-176.867
  1764	-176.883
  1765	-176.796
  1766	-176.608
  1767	-176.332
  1768	-175.993
  1769	-175.632
  1770	-175.296
  1771	-175.022
  1772	-174.828
  1773	-174.710
  1774	-174.658
  1775	-174.660
  1776	-174.714
  1777	-174.825
  1778	-175.003
  1779	-175.261
  1780	-175.603
  1781	-176.026
  1782	-176.515
  1783	-177.058
  1784	-177.644
  1785	-178.267
  1786	-178.922
  1787	-179.598
  1788	179.725
  1789	179.079
  1790	178.506
  1791	178.041
  1792	177.703
  1793	177.494
  1794	177.407
  1795	177.432
  1796	177.559
  1797	177.782
  1798	178.091
  1799	178.469
  1800	178.894
  1801	179.332
  1802	179.754
  1803	-179.866
  1804	-179.542
  1805	-179.280
  1806	-179.079
  1807	-178.941
  1808	-178.868
  1809	-178.869
  1810	-178.952
  1811	-179.124
  1812	-179.378
  1813	-179.696
  1814	179.948
  1815	179.582
  1816	179.230
  1817	178.914
  1818	178.647
  1819	178.439
  1820	178.294
  1821	178.216
  1822	178.204
  1823	178.257
  1824	178.372
  1825	178.544
  1826	178.769
  1827	179.043
  1828	179.358
  1829	179.706
  1830	-179.922
  1831	-179.536
  1832	-179.147
  1833	-178.768
  1834	-178.410
  1835	-178.088
  1836	-177.813
  1837	-177.601
  1838	-177.460
  1839	-177.397
  1840	-177.415
  1841	-177.512
  1842	-177.688
  1843	-177.946
  1844	-178.294
  1845	-178.733
  1846	-179.260
  1847	-179.861
  1848	179.492
  1849	178.832
  1850	178.198
  1851	177.619
  1852	177.120
  1853	176.721
  1854	176.437
  1855	176.286
  1856	176.286
  1857	176.448
  1858	176.767
  1859	177.220
  1860	177.766
  1861	178.353
  1862	178.934
  1863	179.473
  1864	179.951
  1865	-179.651
  1866	-179.349
  1867	-179.164
  1868	-179.120
  1869	-179.240
  1870	-179.532
  1871	-179.987
  1872	179.424
  1873	178.735
  1874	177.980
  1875	177.183
  1876	176.363
  1877	175.538
  1878	174.735
  1879	173.991
  1880	173.346
  1881	172.834
  1882	172.477
  1883	172.289
  1884	172.272
  1885	172.434
  1886	172.787
  1887	173.351
  1888	174.147
  1889	175.190
  1890	176.477
  1891	177.982
  1892	179.660
  1893	-178.549
  1894	-176.708
  1895	-174.876
  1896	-173.105
  1897	-171.450
  1898	-169.961
  1899	-168.675
  1900	-167.618
  1901	-166.798
  1902	-166.207
  1903	-165.829
  1904	-165.647
  1905	-165.650
  1906	-165.833
  1907	-166.190
  1908	-166.714
  1909	-167.386
  1910	-168.181
  1911	-169.070
  1912	-170.031
  1913	-171.051
  1914	-172.117
  1915	-173.219
  1916	-174.333
  1917	-175.422
  1918	-176.436
  1919	-177.321
  1920	-178.037
  1921	-178.563
  1922	-178.900
  1923	-179.054
  1924	-179.031
  1925	-178.832
  1926	-178.455
  1927	-177.907
  1928	-177.204
  1929	-176.385
  1930	-175.501
  1931	-174.610
  1932	-173.759
  1933	-172.985
  1934	-172.308
  1935	-171.744
  1936	-171.308
  1937	-171.020
  1938	-170.899
  1939	-170.964
  1940	-171.217
  1941	-171.646
  1942	-172.218
  1943	-172.899
  1944	-173.656
  1945	-174.469
  1946	-175.325
  1947	-176.217
  1948	-177.134
  1949	-178.055
  1950	-178.945
  1951	-179.766
  1952	179.518
  1953	178.933
  1954	178.491
  1955	178.193
  1956	178.034
  1957	178.004
  1958	178.094
  1959	178.289
  1960	178.572
  1961	178.916
  1962	179.295
  1963	179.685
  1964	-179.929
  1965	-179.554
  1966	-179.189
  1967	-178.831
  1968	-178.477
  1969	-178.131
  1970	-177.803
  1971	-177.508
  1972	-177.258
  1973	-177.060
  1974	-176.915
  1975	-176.815
  1976	-176.749
  1977	-176.703
  1978	-176.668
  1979	-176.636
  1980	-176.602
  1981	-176.559
  1982	-176.497
  1983	-176.407
  1984	-176.276
  1985	-176.092
  1986	-175.844
  1987	-175.523
  1988	-175.126
  1989	-174.654
  1990	-174.119
  1991	-173.537
  1992	-172.938
  1993	-172.360
  1994	-171.847
  1995	-171.446
  1996	-171.198
  1997	-171.130
  1998	-171.252
  1999	-171.554
  2000	-172.015
  2001	-172.607
